조사일,지역,이삭도열병 (피해율),흰잎마름병 (피해율),세균벼알마름병 (피해율),깨씨무늬병 (피해율),벼멸구 (피해율),흰등멸구 (피해율),혹명나방 (피해율),먹노린재 (피해율),잎도열병 (피해율),잎집무늬마름병 (피해율),줄무늬잎마름병 (피해율),벼잎벌레 (피해율),벼애잎굴파리 (피해율),벼줄기굴파리 (피해율),애멸구 (피해율),끝동매미충 (피해율),벼물바구미 (피해율),멸강나방 (피해율),이화명나방1화기 (피해율),벼검은줄오갈병 (피해율),오갈병 (피해율),이삭누룩병 (피해율),이화명나방2화기 (피해율)
2014.09.16,강진군,0.07,0.14,0.02,0.0,0.0,1.11,0.0,0.28,,,,,,,,,,,,,,,
2014.09.16,고흥군,0.009,0.0,0.0,0.11,0.071,0.0,0.0,0.0,,,,,,,,,,,,,,,
2014.09.16,곡성군,0.08,0.0,0.0,0.17,0.0,0.0,0.0,0.0,,,,,,,,,,,,,,,
2014.09.16,광양시,0.0,0.0,0.043,0.01,0.0,0.0,0.0,0.0,,,,,,,,,,,,,,,
2014.09.16,구례군,0.0,0.0,0.0,0.0,0.0,0.0,0.0,0.0,,,,,,,,,,,,,,,
2014.09.16,나주시,0.033,,,,,,,,,,,,,,,,,,,,,,
2014.09.16,담양군,0.002,0.015,0.023,0.0,0.0,0.0,0.0,0.01,,,,,,,,,,,,,,,
2014.09.16,무안군,0.0,0.08,0.0,0.0,0.0,0.0,0.0,0.0,,,,,,,,,,,,,,,
2014.09.16,보성군,0.0,0.0,0.0,0.0,0.0,0.0,0.0,0.0,,,,,,,,,,,,,,,
2014.09.16,순천시,0.063,,0.02,,,0.04,0.02,0.02,,,,,,,,,,,,,,,
2014.09.16,신안군,0.0,0.004,0.006,0.022,0.002,0.006,0.0,0.0,,,,,,,,,,,,,,,
2014.09.16,여수시,0.0,0.0,0.0,0.83,0.0,0.0,0.08,0.0,,,,,,,,,,,,,,,
2014.09.16,영광군,0.46,0.86,0.0,0.0,0.0,0.0,0.0,0.0,,,,,,,,,,,,,,,
2014.09.16,영암군,0.25,0.5,0.0,0.0,0.0,0.16,0.02,0.14,,,,,,,,,,,,,,,
2014.09.16,완도군,0.18,,,7.86,,,,0.14,,,,,,,,,,,,,,,
2014.09.16,장성군,0.01,0.03,0.02,0.0,0.0,0.0,0.0,0.0,,,,,,,,,,,,,,,
2014.09.16,장흥군,0.19,0.36,0.0,0.0,0.0,0.0,0.0,0.05,,,,,,,,,,,,,,,
2014.09.16,진도군,0.39,0.0,0.0,3.16,0.0,0.53,0.0,0.0,,,,,,,,,,,,,,,
2014.09.16,함평군,0.035,0.028,0.0,0.0,0.0,0.0,0.0,0.0,,,,,,,,,,,,,,,
2014.09.16,해남군,1.72,0.1,0.0,0.0,0.0,0.0,0.0,0.0,,,,,,,,,,,,,,,
2014.09.16,화순군,0.0,0.0,0.0,0.0,0.0,0.0,0.0,1.63,,,,,,,,,,,,,,,
2015.06.16,강진군,,,,0.0,0.0,0.0,0.0,0.0,0.0,0.0,0.0,0.0,0.0,0.0,0.0,0.0,0.0,0.0,0.0,,,,
2015.06.16,고흥군,,,,0.0,0.0,0.0,0.0,0.0,0.0,0.0,0.0,0.0,0.0,0.0,0.0,0.0,0.0,0.0,0.0,,,,
2015.06.16,곡성군,,,,0.0,0.0,0.0,0.0,0.0,0.0,0.0,0.0,0.0,0.0,0.0,0.0,0.0,0.11,0.0,0.0,,,,
2015.06.16,광양시,,,,0.0,0.0,0.0,0.0,0.0,0.0,0.0,0.0,0.0,0.0,0.0,0.0,0.0,0.0,0.0,0.0,,,,
2015.06.16,구례군,,,,0.0,0.0,0.0,0.0,0.0,0.0,0.0,0.0,0.0,0.0,0.0,0.0,0.0,0.0,0.0,0.0,,,,
2015.06.16,나주시,,,,0.0,0.0,0.0,0.0,0.0,0.0,0.0,0.0,0.0,0.0,0.0,0.0,0.0,0.0,0.0,0.0,,,,
2015.06.16,담양군,,,,0.0,0.0,0.0,0.0,0.0,0.0,0.0,0.0,0.0,0.0,0.0,0.0,0.0,0.0,0.0,0.0,,,,
2015.06.16,무안군,,,,0.0,0.0,0.0,0.0,0.0,0.0,0.0,0.0,0.0,0.0,0.0,0.0,0.0,0.0,0.0,0.0,,,,
2015.06.16,보성군,,,,0.0,0.0,0.0,0.0,0.0,0.0,0.0,0.0,0.0,0.0,0.0,0.0,0.0,0.0,0.0,0.0,,,,
2015.06.16,순천시,,,,0.0,0.0,0.0,0.0,0.0,0.0,0.0,0.0,0.0,0.0,0.0,0.0,0.0,0.0,0.0,0.0,,,,
2015.06.16,신안군,,,,0.0,0.0,0.0,0.0,0.0,0.0,0.0,0.0,0.0,0.0,0.0,0.0,0.0,0.008,0.0,0.0,,,,
2015.06.16,여수시,,,,0.0,0.0,0.0,0.0,0.0,0.0,0.0,0.0,0.0,0.0,0.0,0.0,0.0,0.53,0.0,0.0,,,,
2015.06.16,영광군,,,,0.0,0.0,0.0,0.0,0.0,0.0,0.0,0.0,0.0,0.0,0.0,0.0,0.0,0.07,0.0,0.0,,,,
2015.06.16,영암군,,,,0.0,0.0,0.0,0.0,0.0,0.0,0.0,0.0,0.0,0.0,0.0,0.0,0.0,0.0,0.0,0.0,,,,
2015.06.16,완도군,,,,,,,0.0,0.0,0.0,,0.0,0.0,0.0,0.0,0.0,0.0,0.0,0.0,0.0,,,,
2015.06.16,장성군,,,,0.0,0.0,0.0,0.0,0.0,0.0,0.0,0.0,0.0,0.0,0.0,0.0,0.0,1.8,0.0,0.0,,,,
2015.06.16,장흥군,,,,,,,,0.02,,,,,,,,0.035,0.023,,,,,,
2015.06.16,진도군,,,,0.0,0.0,0.0,0.0,0.0,0.0,0.0,0.0,0.0,0.0,0.0,0.0,0.0,0.1,0.0,0.0,,,,
2015.06.16,함평군,,,,,,,0.0,0.0,0.0,0.0,0.0,0.0,0.0,0.0,0.0,0.0,0.0,0.0,0.0,,,,
2015.06.16,해남군,,,,0.0,0.0,0.0,0.0,0.02,0.0,0.0,0.0,0.0,0.0,0.0,0.0,0.0,0.01,0.0,0.0,,,,
2015.06.16,화순군,,,,0.0,0.0,0.0,0.0,0.0,0.0,0.0,0.0,0.0,0.0,0.0,0.0,0.0,0.1,0.0,0.0,,,,
2015.07.01,강진군,,,,0.0,0.0,0.0,0.0,0.0,0.0,0.0,0.0,0.0,0.0,0.0,0.0,0.0,0.0,0.0,0.0,,,,
2015.07.01,고흥군,,,,0.0,0.0,0.0,0.0,0.0,0.0,0.0,0.0,0.0,0.0,0.0,0.0,0.0,0.0,0.0,0.0,,,,
2015.07.01,곡성군,,,,0.0,0.0,0.0,0.0,0.0,0.0,0.0,0.0,0.0,0.0,0.0,0.0,0.0,0.11,0.0,0.0,,,,
2015.07.01,광양시,,,,0.0,0.0,0.0,0.0,0.0,0.0,0.0,0.0,0.0,0.577,0.0,0.0,0.0,0.0,0.0,0.0,,,,
2015.07.01,구례군,,,,0.0,0.0,0.0,0.0,0.0,0.0,0.0,0.0,0.0,0.0,0.0,0.0,0.0,0.0,0.0,0.0,,,,
2015.07.01,나주시,,,,0.0,0.0,0.0,0.0,0.0,0.0,0.0,0.0,0.0,0.0,0.0,0.0,0.0,0.001,0.0,0.0,,,,
2015.07.01,담양군,,,,0.0,0.0,0.0,0.0,0.0,0.0,0.0,0.0,0.0,0.0,0.0,0.0,0.0,0.0,0.0,0.0,,,,
2015.07.01,무안군,,,,0.0,0.0,0.0,0.0,0.0,0.0,0.0,0.0,0.0,0.0,0.0,0.0,0.0,0.0,0.0,0.0,,,,
2015.07.01,보성군,,,,0.0,0.0,0.0,0.0,0.0,0.0,0.0,0.0,0.0,0.003,0.0,0.008,0.027,0.0,0.0,0.003,,,,
2015.07.01,순천시,,,,0.0,0.0,0.0,0.0,0.02,0.0,0.0,0.0,0.0,0.0,0.0,0.0,0.0,0.013,0.0,0.0,,,,
2015.07.01,신안군,,,,0.0,0.0,0.163,0.0,0.003,0.0,0.0,0.0,0.013,0.0,0.0,0.0,0.0,0.025,0.0,0.0,,,,
2015.07.01,여수시,,,,0.0,0.0,0.0,0.0,0.0,0.0,0.0,0.0,0.0,0.0,0.0,0.0,0.0,0.11,0.0,0.0,,,,
2015.07.01,영광군,,,,0.0,0.0,0.0,0.0,0.0,0.0,0.0,0.0,0.0,0.02,0.0,0.0,0.0,0.01,0.0,0.0,,,,
2015.07.01,영암군,,,,0.0,0.0,0.0,0.0,0.02,0.0,0.0,0.0,0.0,0.0,0.0,0.0,0.0,0.01,0.0,0.0,,,,
2015.07.01,완도군,,,,,0.0,0.0,0.0,0.0,0.0,0.0,0.0,0.0,0.0,0.0,0.0,0.0,0.0,0.0,0.0,,,,
2015.07.01,장성군,,,,0.0,0.0,0.0,0.0,0.0,0.0,0.0,0.0,0.0,0.0,0.0,0.0,0.0,0.2,0.0,0.0,,,,
2015.07.01,장흥군,,,,,,,,0.12,,,,0.18,0.07,0.24,0.05,,0.06,,,,,,
2015.07.01,진도군,,,,0.0,0.0,0.63,0.0,0.0,0.0,0.0,0.0,0.0,0.0,0.0,3.44,0.0,0.0,0.0,0.0,,,,
2015.07.01,함평군,,,,,0.0,0.0,0.0,0.0,0.0,0.0,0.0,0.0,0.0,0.0,0.0,0.0,0.0,0.0,0.0,,,,
2015.07.01,해남군,,,,0.0,0.0,0.0,0.0,0.0,0.0,0.0,0.0,0.0,0.0,0.0,0.0,0.0,0.0,0.0,0.0,,,,
2015.07.01,화순군,,,,0.0,0.0,0.0,0.0,0.0,0.0,0.0,0.0,0.0,0.0,0.0,0.0,0.0,0.0,0.0,0.0,,,,
2015.07.16,강진군,,,,0.0,0.0,0.0,0.0,0.0,0.0,0.0,0.0,0.0,0.0,0.0,0.0,0.0,0.0,0.0,0.0,,,,
2015.07.16,고흥군,,,,0.0,0.0,0.0,0.0,0.0,0.0,0.0,0.0,0.0,0.0,0.0,0.0,0.0,0.0,0.0,0.0,,,,
2015.07.16,곡성군,,,,0.0,0.0,0.0,0.0,0.0,0.0,0.0,0.0,0.0,0.0,0.0,0.0,0.0,0.11,0.0,0.0,,,,
2015.07.16,광양시,,,,0.0,0.0,0.0,0.0,0.0,0.0,0.0,0.0,0.0,0.0,0.0,0.0,0.0,0.0,0.0,0.0,,,,
2015.07.16,구례군,,,,0.0,0.0,0.0,0.0,0.0,0.0,0.0,0.0,0.0,0.0,0.0,0.0,0.0,0.0,0.0,0.0,,,,
2015.07.16,나주시,,,,0.0,0.0,0.0,0.0,0.0,0.0,0.003,0.0,0.0,0.0,0.0,0.0,0.0,0.0,0.0,0.0,,,,
2015.07.16,담양군,,,,0.0,0.0,0.0,0.0,0.0,0.0,0.0,0.0,0.0,0.0,0.0,0.0,0.0,0.0,0.0,0.0,,,,
2015.07.16,무안군,,,,0.0,0.0,0.0,0.0,0.0,0.0,0.05,0.0,0.0,0.0,0.0,0.0,0.0,0.0,0.0,0.0,,,,
2015.07.16,보성군,,,,0.0,0.0,0.0,0.0,0.0,0.0,0.0,0.0,0.0,0.003,0.0,0.008,0.027,0.0,0.0,0.003,,,,
2015.07.16,순천시,,,,0.0,0.0,0.0,0.0,0.01,0.002,0.0,0.0,0.0,0.0,0.0,0.0,0.0,0.0,0.0,0.0,,,,
2015.07.16,신안군,,,,0.0,0.007,0.067,0.008,0.01,0.0,0.01,0.0,0.0,0.0,0.007,0.013,0.0,0.003,0.0,0.0,,,,
2015.07.16,여수시,,,,0.0,0.0,0.0,0.0,0.17,0.0,0.38,0.0,0.0,0.0,0.0,0.0,0.0,0.0,0.0,0.0,,,,
2015.07.16,영광군,,,,0.0,0.0,0.04,0.0,0.0,0.0,0.03,0.0,0.0,0.0,0.0,0.0,0.0,0.0,0.0,0.0,,,,
2015.07.16,영암군,,,,0.0,0.0,0.0,0.0,0.04,0.0,0.0,0.0,0.0,0.0,0.0,0.04,0.0,0.03,0.02,0.0,,,,
2015.07.16,완도군,,,,0.0,0.0,0.11,0.0,0.0,0.01,0.42,0.0,0.0,0.0,0.0,0.0,0.0,0.0,0.0,0.0,,,,
2015.07.16,장성군,,,,0.0,0.0,0.0,0.31,0.0,0.0,0.0,0.0,0.0,0.0,0.0,0.0,0.0,0.4,0.0,0.0,,,,
2015.07.16,장흥군,,,,,,0.113,0.02,0.086,0.002,0.04,,,0.02,0.02,0.085,0.045,0.043,,0.02,,,,
2015.07.16,진도군,,,,0.0,0.0,1.56,0.0,0.03,0.0,0.0,0.0,0.0,0.0,0.0,0.81,0.0,0.04,0.0,0.0,,,,
2015.07.16,함평군,,,,0.0,0.0,0.0,0.0,0.0,0.0,0.0,0.0,0.0,0.0,0.0,0.0,0.0,0.0,0.0,0.0,,,,
2015.07.16,해남군,,,,0.0,0.0,0.04,0.0,0.0,0.0,0.0,0.0,0.0,0.0,0.0,0.0,0.0,0.0,0.0,0.0,,,,
2015.07.16,화순군,,,,0.0,0.0,0.0,0.0,0.44,0.0,0.0,0.0,0.0,0.0,0.0,0.0,0.0,0.0,0.0,0.0,,,,
2015.08.01,강진군,,,,0.0,0.0,0.11,0.06,0.0,0.0,0.21,0.0,0.0,0.0,0.0,0.0,0.0,0.0,0.0,0.0,,,,
2015.08.01,고흥군,,,,0.0,0.0,0.0,0.0,0.0,0.0,0.0,0.0,0.0,0.0,0.0,0.0,0.0,0.0,0.0,0.0,,,,
2015.08.01,곡성군,,,,0.0,0.0,0.0,0.0,0.0,0.01,0.0,0.0,0.0,0.0,0.0,0.0,0.0,0.0,0.0,0.0,,,,
2015.08.01,광양시,,,,0.0,0.0,0.073,0.02,0.0,0.0,0.687,0.0,0.0,0.0,0.0,0.0,0.723,0.0,0.0,0.0,,,,
2015.08.01,구례군,,,,0.0,0.0,0.0,0.0,0.0,0.003,0.0,0.0,0.0,0.0,0.0,0.0,0.17,0.0,0.0,0.0,,,,
2015.08.01,나주시,,,,0.0,0.0,0.0,0.002,0.0,0.0,0.052,0.0,0.0,0.0,0.0,0.0,0.0,0.0,0.0,0.0,,,,
2015.08.01,담양군,,,,0.0,0.0,0.0,0.0,0.0,0.0,0.862,0.0,0.0,0.0,0.0,0.0,0.0,0.087,0.0,0.0,,,,
2015.08.01,무안군,,,,0.0,0.0,0.0,0.0,0.0,0.0,0.018,0.0,0.0,0.0,0.0,0.0,0.0,0.0,0.0,0.0,,,,
2015.08.01,보성군,,,,0.0,0.0,0.0,0.0,0.0,0.0,0.0,0.0,0.0,0.003,0.0,0.008,0.027,0.0,0.0,0.003,,,,
2015.08.01,순천시,,,,0.0,0.0,0.0,0.0,0.015,0.002,0.02,0.0,0.0,0.0,0.0,0.0,0.0,0.0,0.0,0.0,,,,
2015.08.01,신안군,,,,0.0,0.273,0.683,0.0,0.0,0.0,0.778,0.0,0.0,0.0,0.0,0.0,0.0,0.183,0.0,0.082,,,,
2015.08.01,여수시,,,,0.0,0.0,0.0,0.0,0.0,0.01,0.25,0.0,0.0,0.0,0.0,0.0,0.0,0.0,0.0,0.0,,,,
2015.08.01,영광군,,,,0.02,0.0,0.04,0.0,0.0,0.0,1.01,0.0,0.0,0.0,0.0,0.0,0.0,0.0,0.0,0.0,,,,
2015.08.01,영암군,,,,0.0,0.0,0.0,0.2,0.4,0.01,0.6,0.0,0.0,0.0,0.0,0.0,0.0,0.0,0.0,0.0,,,,
2015.08.01,완도군,,,,0.0,0.0,3.33,0.56,0.0,0.06,1.67,0.0,0.0,0.0,0.0,0.0,0.0,0.0,0.0,0.0,,,,
2015.08.01,장성군,,,,0.0,0.59,0.0,0.59,0.0,0.03,1.32,0.0,0.0,0.59,0.0,0.0,0.59,0.38,0.0,0.0,,,,
2015.08.01,장흥군,,,,,,0.067,0.02,0.033,0.0,0.347,,,0.02,0.02,0.05,0.02,0.02,,,,,,
2015.08.01,진도군,,,,0.0,0.31,1.88,0.0,0.0,0.0,0.0,0.0,0.0,0.0,0.0,0.0,0.0,0.3,0.0,0.0,,,,
2015.08.01,함평군,,,,0.0,0.0,0.0,0.0,0.0,0.0,0.615,0.0,0.0,0.0,0.0,0.0,0.0,0.0,0.0,0.0,,,,
2015.08.01,해남군,,,,0.0,0.0,0.0,0.02,0.0,0.0,0.0,0.0,0.0,0.0,0.0,0.08,0.0,0.0,0.0,0.0,,,,
2015.08.01,화순군,,,,0.0,0.0,0.87,0.0,0.0,0.0,0.63,0.0,0.0,0.0,0.0,0.0,0.0,0.0,0.0,0.0,,,,
2015.08.16,강진군,,,,0.03,0.0,1.06,0.19,0.03,0.0,0.97,0.0,0.0,0.0,0.0,0.0,0.0,0.02,0.0,0.0,,,,
2015.08.16,고흥군,,,,0.0,0.0,0.023,0.01,0.01,0.0,0.04,0.0,0.0,0.0,0.0,0.0,0.0,0.0,0.0,0.0,,,,
2015.08.16,곡성군,,,,0.0,0.0,0.0,0.0,0.0,0.0,0.25,0.0,0.0,0.0,0.0,0.0,0.0,0.0,0.0,0.0,,,,
2015.08.16,광양시,,,,0.0,0.0,0.147,0.0,0.0,0.0,0.223,0.0,0.0,0.0,0.0,0.0,0.0,0.0,0.0,0.0,,,,
2015.08.16,구례군,,,,0.0,0.0,0.11,0.0,0.0,0.0,0.0,0.0,0.0,0.0,0.0,0.0,0.113,0.0,0.0,0.0,,,,
2015.08.16,나주시,,,,0.0,0.0,0.0,0.003,0.0,0.0,0.06,0.0,0.0,0.0,0.0,0.0,0.0,0.0,0.0,0.0,,,,
2015.08.16,담양군,,,,0.005,0.0,0.017,0.0,0.0,0.0,0.013,0.0,0.0,0.0,0.0,0.0,0.0,0.0,0.0,0.0,,,,
2015.08.16,무안군,,,,0.0,0.0,0.0,0.0,0.003,0.0,0.028,0.0,0.0,0.0,0.0,0.0,0.0,0.0,0.0,0.0,,,,
2015.08.16,보성군,,,,0.0,0.0,0.0,0.0,0.0,0.0,0.0,0.0,0.0,0.003,0.0,0.008,0.015,0.0,0.0,0.003,,,,
2015.08.16,순천시,,,,0.0,0.0,0.0,0.03,0.01,0.0,0.103,0.0,0.0,0.0,0.0,0.0,0.0,0.017,0.0,0.0,,,,
2015.08.16,신안군,,,,0.003,0.008,0.003,0.013,0.0,0.0,0.138,0.0,0.0,0.0,0.0,0.0,0.0,0.0,0.0,0.0,,,,
2015.08.16,여수시,,,,0.0,0.0,0.0,0.42,0.0,0.04,1.25,0.0,0.0,0.0,0.0,0.0,0.0,0.0,0.0,0.0,,,,
2015.08.16,영광군,,,,0.04,0.0,0.0,0.02,0.0,0.0,1.23,0.0,0.0,0.0,0.0,0.0,0.0,0.0,0.0,0.0,,,,
2015.08.16,영암군,,,,0.0,0.0,0.0,0.1,0.14,,0.55,0.0,,,,,,0.0,0.0,0.0,,,,
2015.08.16,완도군,,,,0.0,0.0,0.0,0.0,0.0,,1.11,0.0,0.0,0.0,0.0,0.0,0.0,0.0,0.0,0.0,,,,
2015.08.16,장성군,,,,0.0,0.0,0.29,0.15,0.0,0.0,1.32,0.0,0.0,0.0,0.03,0.0,0.03,0.0,0.0,0.0,,,,
2015.08.16,장흥군,,,,0.02,,0.153,0.114,0.02,0.0,0.415,,,,,0.05,,,,,,,,
2015.08.16,진도군,,,,2.5,0.06,0.63,0.63,0.0,0.0,1.0,0.0,0.0,0.0,0.0,0.0,0.0,0.0,0.0,0.0,,,,
2015.08.16,함평군,,,,0.0,0.0,0.0,0.027,0.0,0.0,0.197,0.0,0.0,0.0,0.0,0.0,0.0,0.0,0.0,0.0,,,,
2015.08.16,해남군,,,,0.0,0.0,0.04,0.02,0.0,0.0,0.03,0.0,0.0,0.0,0.0,0.0,0.0,0.0,0.0,0.0,,,,
2015.08.16,화순군,,,,0.0,0.0,0.31,0.0,0.44,0.0,1.75,0.0,0.0,0.0,0.0,0.0,0.0,0.0,0.0,0.0,,,,
2016.06.01,강진군,,,,0.0,0.0,0.0,0.0,0.0,0.0,0.0,0.0,0.0,0.0,0.0,0.0,0.0,0.0,0.0,0.0,,,,
2016.06.01,고흥군,,,,0.0,0.0,0.0,0.0,0.0,0.0,0.0,0.0,0.0,0.0,0.0,0.0,0.0,0.0,0.0,0.0,,,,
2016.06.01,곡성군,,,,0.0,0.0,0.0,0.0,0.0,0.0,0.0,0.0,0.0,0.0,0.0,0.0,0.0,0.0,0.0,0.0,,,,
2016.06.01,광양시,,,,0.0,0.0,0.0,0.0,0.0,0.0,0.0,0.0,0.0,0.0,0.0,0.0,0.0,0.0,0.0,0.0,,,,
2016.06.01,구례군,,,,0.0,0.0,0.0,0.0,0.0,0.0,0.0,0.0,0.0,0.0,0.0,0.0,0.0,0.0,0.0,0.0,,,,
2016.06.01,나주시,,,,0.0,0.0,0.0,0.0,0.0,0.0,0.0,0.0,0.0,0.0,0.0,0.0,0.0,0.0,0.0,0.0,,,,
2016.06.01,담양군,,,,0.0,0.0,0.0,0.0,0.0,0.0,0.0,0.0,0.0,0.0,0.0,0.0,0.0,0.0,0.0,0.0,,,,
2016.06.01,무안군,,,,,,,,0.0,,,,0.0,0.0,0.0,,,0.0,,,,,,
2016.06.01,보성군,,,,0.0,0.0,0.0,0.0,0.0,0.0,0.0,0.0,0.0,0.0,0.0,0.0,0.0,0.0,0.0,0.0,,,,
2016.06.01,순천시,,,,0.0,0.0,0.0,0.0,0.0,0.0,0.0,0.0,0.0,0.0,0.0,0.0,0.0,0.0,0.0,0.0,,,,
2016.06.01,신안군,,,,0.0,0.0,0.0,0.0,0.0,0.0,0.0,0.0,0.0,0.0,0.0,0.0,0.0,0.0,0.0,0.0,,,,
2016.06.01,여수시,,,,0.0,0.0,0.0,0.0,0.0,0.0,0.0,0.0,0.0,0.0,0.0,0.0,0.0,0.0,0.0,0.0,,,,
2016.06.01,영광군,,,,0.0,0.0,0.0,0.0,0.0,0.0,0.0,0.0,0.0,0.0,0.0,0.0,0.0,0.0,0.0,0.0,,,,
2016.06.01,영암군,,,,0.0,0.0,0.0,0.0,0.0,0.0,0.0,0.0,0.0,0.0,0.0,0.0,0.0,0.0,0.0,0.0,,,,
2016.06.01,완도군,,,,0.0,0.0,0.0,0.0,0.0,0.0,0.0,0.0,0.0,0.0,0.0,0.0,0.0,0.0,0.0,0.0,,,,
2016.06.01,장성군,,,,0.0,0.0,0.0,0.0,0.0,0.0,0.0,0.0,0.0,0.0,0.0,0.0,0.0,0.0,0.0,0.0,,,,
2016.06.01,장흥군,,,,,,,,0.02,,,,,,,,,,,,,,,
2016.06.01,진도군,,,,0.0,0.0,0.0,0.0,0.0,0.0,0.0,0.0,0.0,0.0,0.0,0.0,0.0,0.0,0.0,0.0,,,,
2016.06.01,함평군,,,,0.0,0.0,0.0,0.0,0.0,0.0,0.0,0.0,0.0,0.0,0.0,0.0,0.0,0.0,0.0,0.0,,,,
2016.06.01,해남군,,,,0.0,0.0,0.0,0.0,0.0,0.0,0.0,0.0,0.0,0.0,0.0,0.0,0.0,0.0,0.0,0.0,,,,
2016.06.01,화순군,,,,0.0,0.0,0.0,0.0,0.0,0.0,0.0,0.0,0.0,0.0,0.0,0.0,0.0,0.0,0.0,0.0,,,,
2016.06.16,강진군,,,,0.0,0.0,0.0,0.0,0.0,0.0,0.0,0.0,0.0,0.0,0.0,0.0,0.0,0.0,0.0,0.0,,,,
2016.06.16,고흥군,,,,0.0,0.0,0.0,0.0,0.0,0.0,0.0,0.0,0.0,0.0,0.0,0.0,0.0,0.0,0.0,0.0,,,,
2016.06.16,곡성군,,,,0.0,0.0,0.0,0.0,0.0,0.0,0.0,0.0,0.0,0.0,0.0,0.0,0.0,0.0,0.0,0.0,,,,
2016.06.16,광양시,,,,0.0,0.0,0.0,0.0,0.0,0.0,0.0,0.0,0.0,0.0,0.0,0.0,0.0,0.047,0.0,0.0,,,,
2016.06.16,구례군,,,,0.0,0.0,0.0,0.0,0.0,0.0,0.0,0.0,0.0,0.0,0.0,0.0,0.0,0.0,0.0,0.0,,,,
2016.06.16,나주시,,,,0.0,0.0,0.0,0.0,0.0,0.0,0.0,0.0,0.0,0.0,0.0,0.0,0.0,0.0,0.0,0.0,,,,
2016.06.16,담양군,,,,0.0,0.0,0.0,0.0,0.0,0.0,0.0,0.0,0.0,0.0,0.0,0.0,0.0,0.0,0.0,0.0,,,,
2016.06.16,무안군,,,,0.0,0.0,0.0,0.0,0.0,0.0,0.0,0.0,0.0,0.0,0.0,0.0,0.0,0.0,0.0,0.0,,,,
2016.06.16,보성군,,,,0.0,0.0,0.0,0.0,0.0,0.0,0.0,0.0,0.0,0.0,0.0,0.0,0.0,0.0,0.0,0.0,,,,
2016.06.16,순천시,,,,0.0,0.0,0.0,0.0,0.0,0.0,0.0,0.0,0.0,0.0,0.0,0.0,0.0,0.01,0.0,0.0,,,,
2016.06.16,신안군,,,,0.0,0.0,0.0,0.0,0.0,0.0,0.0,0.0,0.0,0.0,0.0,0.0,0.0,0.0,0.0,0.0,,,,
2016.06.16,여수시,,,,0.0,0.0,0.0,0.0,0.0,0.0,0.0,0.0,0.0,0.0,0.0,0.0,0.0,0.077,0.0,0.0,,,,
2016.06.16,영광군,,,,0.0,0.0,0.0,0.0,0.0,0.0,0.0,0.0,0.0,0.0,0.0,0.0,0.0,0.01,0.0,0.0,,,,
2016.06.16,영암군,,,,0.0,0.0,0.0,0.0,0.02,0.0,0.0,0.0,0.0,0.0,0.0,0.0,0.0,0.01,0.0,0.0,,,,
2016.06.16,완도군,,,,0.0,0.0,0.0,0.0,0.0,0.0,0.0,0.0,0.0,0.0,0.0,0.0,0.0,0.04,0.0,0.0,,,,
2016.06.16,장성군,,,,0.0,0.0,0.0,0.0,0.0,0.0,0.0,0.0,0.0,0.0,0.0,0.0,0.0,0.11,0.0,0.0,,,,
2016.06.16,장흥군,,,,,,,,,,,,,,,,,0.02,,,,,,
2016.06.16,진도군,,,,0.0,0.0,0.0,0.0,0.0,0.0,0.0,0.0,0.0,0.0,0.0,0.0,0.0,0.017,0.0,0.0,,,,
2016.06.16,함평군,,,,0.0,0.0,0.0,0.0,0.0,0.0,0.0,0.0,0.0,0.0,0.0,0.0,0.0,0.0,0.0,0.0,,,,
2016.06.16,해남군,,,,0.0,0.0,0.0,0.0,0.0,0.0,0.0,0.0,0.0,0.0,0.0,0.0,0.0,0.028,0.0,0.0,,,,
2016.06.16,화순군,,,,0.0,0.0,0.0,0.0,0.0,0.0,0.0,0.0,0.0,0.0,0.0,0.0,0.0,0.0,0.0,0.0,,,,
2016.07.01,강진군,,,,0.0,0.0,0.0,0.0,0.0,0.0,0.0,0.0,0.0,0.0,0.0,0.0,0.0,0.0,0.0,0.0,,,,
2016.07.01,고흥군,,,,0.0,0.0,0.0,0.0,0.0,0.0,0.0,0.0,0.0,0.0,0.0,0.0,0.0,0.0,0.0,0.0,,,,
2016.07.01,곡성군,,,,0.0,0.0,0.0,0.0,0.0,0.0,0.0,0.0,0.0,0.0,0.0,0.0,0.0,0.0,0.0,0.0,,,,
2016.07.01,광양시,,,,0.0,0.0,0.0,0.0,0.0,0.0,0.0,0.0,0.0,0.0,0.047,0.0,0.0,0.0,0.0,0.0,,,,
2016.07.01,구례군,,,,0.0,0.0,0.0,0.0,0.0,0.0,0.0,0.0,0.0,0.0,0.0,0.0,0.0,0.0,0.0,0.0,,,,
2016.07.01,나주시,,,,0.0,0.0,0.0,0.0,0.0,0.0,0.0,0.0,0.0,0.0,0.002,0.0,0.0,0.001,0.0,0.0,,,,
2016.07.01,담양군,,,,0.0,0.0,0.0,0.0,0.01,0.0,0.007,0.0,0.0,0.0,0.0,0.0,0.0,0.0,0.0,0.0,,,,
2016.07.01,무안군,,,,0.0,0.0,0.0,0.0,0.0,0.0,0.0,0.0,0.0,0.0,0.0,0.0,0.0,0.0,0.0,0.0,,,,
2016.07.01,보성군,,,,0.0,0.0,0.0,0.0,0.042,0.0,0.0,0.0,0.0,0.0,0.0,0.0,0.0,0.0,0.0,0.0,,,,
2016.07.01,순천시,,,,0.0,0.0,0.0,0.0,0.0,0.0,0.0,0.0,0.0,0.0,0.0,0.0,0.0,0.0,0.0,0.0,,,,
2016.07.01,신안군,,,,0.0,0.0,0.0,0.0,0.0,0.0,0.0,0.0,0.0,0.0,0.0,0.0,0.0,0.0,0.0,0.0,,,,
2016.07.01,여수시,,,,0.0,0.0,0.0,0.0,2.35,0.0,0.0,0.0,0.0,0.0,0.117,0.0,0.0,0.107,0.0,0.0,,,,
2016.07.01,영광군,,,,0.0,0.0,0.0,0.0,0.0,0.0,0.0,0.0,0.0,0.0,0.0,0.0,0.0,0.0,0.0,0.0,,,,
2016.07.01,영암군,,,,0.0,0.0,0.0,0.0,0.06,0.0,0.0,0.0,0.0,0.0,0.0,0.08,0.0,0.01,0.0,0.0,,,,
2016.07.01,완도군,,,,0.0,0.0,0.0,0.0,0.17,0.0,0.0,0.0,,,,0.33,0.0,0.11,0.0,,,,,
2016.07.01,장성군,,,,0.0,0.0,0.0,0.0,0.33,0.0,0.0,0.0,0.0,0.0,0.0,0.0,0.0,0.0,0.0,0.0,,,,
2016.07.01,장흥군,,,,,,,,0.13,,,,,,,0.05,0.02,0.055,,,,,,
2016.07.01,진도군,,,,0.0,0.0,0.03,0.0,0.0,0.0,0.0,0.0,0.0,0.0,0.0,0.123,0.0,0.0,0.0,0.003,,,,
2016.07.01,함평군,,,,0.0,0.0,0.0,0.0,0.0,0.0,0.0,0.0,0.0,0.0,0.0,0.0,0.0,0.0,0.0,0.0,,,,
2016.07.01,해남군,,,,0.0,0.0,0.0,0.0,0.021,0.0,0.0,0.0,0.0,0.0,0.0,0.0,0.0,0.014,0.0,0.0,,,,
2016.07.01,화순군,,,,0.0,0.0,0.0,0.0,0.0,0.0,0.0,0.0,0.0,0.0,0.0,0.0,0.0,0.0,0.0,0.0,,,,
2016.07.16,강진군,,,,0.0,0.0,0.0,0.0,0.0,0.0,0.0,0.0,0.0,0.0,0.0,0.0,0.0,0.0,0.0,0.0,,,,
2016.07.16,고흥군,,,,0.0,0.0,0.0,0.0,0.0,0.0,0.0,0.0,0.0,0.0,0.0,0.0,0.0,0.0,0.0,0.0,,,,
2016.07.16,곡성군,,,,0.0,0.0,0.0,0.0,0.0,0.0,0.0,0.0,0.0,0.0,0.0,0.0,0.0,0.0,0.0,0.0,,,,
2016.07.16,광양시,,,,0.0,0.0,0.0,0.0,0.0,0.0,0.107,0.0,0.0,0.0,0.0,0.0,0.023,0.0,0.047,0.0,,,,
2016.07.16,구례군,,,,0.0,0.0,0.0,0.0,0.0,0.003,0.0,0.0,0.0,0.0,0.0,0.0,0.0,0.0,0.0,0.0,,,,
2016.07.16,나주시,,,,0.0,0.0,0.0,0.0,0.0,0.0,0.0,0.0,0.0,0.0,0.0,0.0,0.0,0.0,0.0,0.0,,,,
2016.07.16,담양군,,,,0.0,0.0,0.0,0.0,0.0,0.0,0.02,0.0,0.0,0.0,0.013,0.033,0.005,0.0,0.0,0.0,,,,
2016.07.16,무안군,,,,0.0,0.0,0.0,0.0,0.0,0.0,0.012,0.0,0.0,0.0,0.0,0.0,0.0,0.0,0.0,0.0,,,,
2016.07.16,보성군,,,,0.0,0.0,0.333,0.0,0.0,0.0,0.0,0.0,0.042,0.0,0.0,0.0,0.0,0.027,0.0,0.0,,,,
2016.07.16,순천시,,,,0.0,0.0,0.0,0.0,0.0,0.0,0.0,0.0,0.0,0.0,0.0,0.0,0.0,0.0,0.0,0.0,,,,
2016.07.16,신안군,,,,0.0,0.0,0.015,0.0,0.005,0.0,0.008,0.0,0.0,0.0,0.0,0.005,0.0,0.0,0.0,0.0,,,,
2016.07.16,여수시,,,,0.0,0.0,0.0,0.093,1.88,0.0,0.0,0.0,0.0,0.0,0.0,0.0,0.0,0.0,0.0,0.0,,,,
2016.07.16,영광군,,,,0.0,0.0,0.43,0.0,0.0,0.0,0.03,0.0,0.0,0.0,0.0,0.52,0.04,0.01,0.0,0.01,,,,
2016.07.16,영암군,,,,0.0,0.0,0.0,0.04,0.06,0.0,0.0,0.0,0.02,0.0,0.0,0.0,0.0,0.0,0.0,0.0,,,,
2016.07.16,완도군,,,,0.0,0.0,0.0,0.0,0.0,0.0,0.0,0.0,0.0,0.0,0.0,0.0,0.0,0.0,0.0,0.0,,,,
2016.07.16,장성군,,,,0.0,0.0,0.0,0.0,0.33,0.01,0.0,0.0,0.0,0.0,0.0,0.0,0.0,0.0,0.0,0.0,,,,
2016.07.16,장흥군,,,,,,0.06,0.02,0.02,0.0,0.04,,,,,0.05,0.02,,,,,,,
2016.07.16,진도군,,,,0.0,0.0,1.358,0.027,0.0,0.002,0.0,0.0,0.0,0.0,0.0,0.732,0.005,0.017,0.0,0.0,,,,
2016.07.16,함평군,,,,0.0,0.0,0.0,0.0,0.0,0.0,0.02,0.0,0.0,0.0,0.0,0.0,0.0,0.0,0.0,0.0,,,,
2016.07.16,해남군,,,,0.0,0.0,0.041,0.0,0.0,0.0,0.0,0.0,0.0,0.0,0.0,0.041,0.0,0.0,0.0,0.0,,,,
2016.07.16,화순군,,,,0.0,0.0,2.19,0.0,0.09,0.0,0.23,0.0,0.0,0.0,0.0,0.0,0.0,0.0,0.0,0.0,,,,
2016.08.01,강진군,,,,0.0,0.0,0.075,0.003,0.0,0.0,0.007,0.0,0.003,0.0,0.0,0.0,0.007,0.0,0.0,0.0,,,,
2016.08.01,고흥군,,,,0.0,0.0,0.033,0.057,0.011,0.0,0.0,0.0,0.0,0.0,0.0,0.0,0.023,0.013,0.0,0.0,,,,
2016.08.01,곡성군,,,,0.0,0.0,0.0,0.0,0.0,0.0,0.0,0.0,0.0,0.0,0.0,0.0,0.0,0.0,0.0,0.0,,,,
2016.08.01,광양시,,,,0.0,0.0,0.0,0.0,0.0,0.0,0.107,0.0,0.0,0.0,0.0,0.0,0.117,0.0,0.0,0.0,,,,
2016.08.01,구례군,,,,0.0,0.0,0.0,0.0,0.0,0.0,0.0,0.0,0.0,0.0,0.0,0.0,0.0,0.0,0.0,0.0,,,,
2016.08.01,나주시,,,,0.0,0.0,0.013,0.002,0.0,0.0,0.003,0.0,0.002,0.0,0.0,0.0,0.0,0.0,0.0,0.0,,,,
2016.08.01,담양군,,,,0.0,0.0,0.078,0.01,0.0,0.0,0.043,0.0,0.0,0.0,0.0,0.0,0.02,0.0,0.0,0.0,,,,
2016.08.01,무안군,,,,0.0,0.0,0.0,0.0,0.0,0.0,0.023,0.0,0.0,0.0,0.0,0.0,0.0,0.0,0.0,0.0,,,,
2016.08.01,보성군,,,,0.0,0.0,0.0,0.0,0.0,0.0,0.0,0.0,0.0,0.0,0.0,0.0,0.0,0.0,0.0,0.0,,,,
2016.08.01,순천시,,,,0.0,0.0,0.077,0.057,0.057,0.0,0.0,0.0,0.0,0.0,0.0,0.0,0.0,0.0,0.0,0.0,,,,
2016.08.01,신안군,,,,0.0,0.0,0.055,0.008,0.0,0.0,0.048,0.0,0.0,0.0,0.0,0.023,0.0,0.0,0.0,0.0,,,,
2016.08.01,여수시,,,,0.0,0.0,0.14,0.0,0.07,0.0,0.0,0.0,0.0,0.0,0.0,0.0,0.0,0.0,0.0,0.0,,,,
2016.08.01,영광군,,,,0.0,0.0,1.13,0.02,0.0,0.0,0.07,0.0,0.0,0.0,0.0,0.13,0.0,0.0,0.0,0.0,,,,
2016.08.01,영암군,,,,0.0,0.0,0.17,0.04,0.0,0.0,0.0,0.0,0.0,0.0,0.0,0.0,0.0,0.0,0.0,0.0,,,,
2016.08.01,완도군,,,,0.0,0.0,0.0,0.0,0.0,0.0,0.0,0.0,0.0,0.0,0.0,0.0,0.0,0.0,0.0,0.0,,,,
2016.08.01,장성군,,,,0.0,0.0,0.0,0.33,0.0,0.0,0.0,0.0,0.0,0.0,0.0,0.0,0.0,0.0,0.0,0.0,,,,
2016.08.01,장흥군,,,,0.02,0.05,0.083,0.04,0.02,0.015,0.114,,,0.02,0.02,0.05,0.02,0.02,,,,,,
2016.08.01,진도군,,,,0.0,0.0,0.525,0.108,0.0,0.002,0.077,0.0,0.0,0.0,0.0,0.02,0.015,0.02,0.0,0.0,,,,
2016.08.01,함평군,,,,0.0,0.0,0.017,0.0,0.0,0.0,0.107,0.0,0.0,0.0,0.0,0.0,0.0,0.0,0.0,0.0,,,,
2016.08.01,해남군,,,,0.0,0.0,0.0,0.0,0.0,0.0,0.0,0.0,0.0,0.0,0.0,0.0,0.0,0.0,0.0,0.0,,,,
2016.08.01,화순군,,,,0.0,0.0,7.81,0.0,0.0,0.0,2.97,0.0,0.0,0.0,0.0,0.0,0.0,0.0,0.0,0.0,,,,
2016.08.16,강진군,,,,0.0,0.0,0.067,0.003,0.0,0.0,0.0,0.0,0.0,0.0,0.0,0.0,0.0,0.0,0.0,0.0,,,,
2016.08.16,고흥군,,,,0.011,0.0,0.033,0.057,0.011,0.0,0.0,0.0,0.0,0.0,0.0,0.0,0.017,0.003,0.0,0.0,,,,
2016.08.16,곡성군,,,,0.0,0.0,0.01,0.0,0.0,0.0,0.0,0.0,0.0,0.0,0.0,0.0,0.0,0.0,0.0,0.0,,,,
2016.08.16,광양시,,,,0.19,0.0,0.0,0.0,0.0,0.0,1.07,0.0,0.0,0.0,0.0,0.0,0.07,0.0,0.0,0.0,,,,
2016.08.16,구례군,,,,0.0,0.0,0.037,0.0,0.0,0.0,0.0,0.0,0.0,0.0,0.0,0.0,0.02,0.0,0.0,0.0,,,,
2016.08.16,나주시,,,,0.0,0.0,0.0,0.0,0.0,0.0,0.0,0.0,0.0,0.0,0.0,0.0,0.0,0.0,0.0,0.0,,,,
2016.08.16,담양군,,,,0.0,0.0,0.008,0.005,0.0,0.002,0.022,0.0,0.0,0.0,0.0,0.0,0.0,0.0,0.0,0.0,,,,
2016.08.16,무안군,,,,0.008,0.0,0.005,0.0,0.0,0.0,0.04,0.0,0.0,0.0,0.0,0.0,0.0,0.0,0.0,0.0,,,,
2016.08.16,보성군,,,,0.0,0.0,0.013,0.0,0.0,0.0,0.0,0.0,0.0,0.0,0.0,0.0,0.0,0.0,0.0,0.0,,,,
2016.08.16,순천시,,,,0.0,0.0,0.56,0.28,0.0,0.003,0.175,0.0,0.0,0.0,0.0,0.0,0.0,0.0,0.0,0.003,,,,
2016.08.16,신안군,,,,0.0,0.0,0.0,0.022,0.0,0.0,0.08,0.0,0.0,0.0,0.0,0.0,0.0,0.0,0.0,0.0,,,,
2016.08.16,여수시,,,,0.0,0.0,0.0,0.023,0.117,0.0,0.0,0.0,0.0,0.0,0.0,0.0,0.0,0.0,0.0,0.0,,,,
2016.08.16,영광군,,,,0.0,0.0,0.22,0.04,0.0,0.0,0.1,0.0,0.0,0.0,0.0,0.0,0.0,0.0,0.0,0.0,,,,
2016.08.16,영암군,,,,0.0,0.0,0.5,0.19,0.0,0.0,0.31,0.0,0.0,0.0,0.0,0.0,0.0,0.0,0.0,0.03,,,,
2016.08.16,완도군,,,,0.0,0.0,0.11,0.0,0.0,0.0,0.5,0.0,0.0,0.0,0.0,0.0,0.0,0.0,0.0,0.0,,,,
2016.08.16,장성군,,,,0.0,0.0,0.33,0.67,0.0,0.0,0.0,0.0,0.0,0.0,0.0,0.0,0.0,0.0,0.0,0.0,,,,
2016.08.16,장흥군,,,,,,,0.02,,0.0,0.315,,,,,,,,,,,,,
2016.08.16,진도군,,,,0.105,0.02,0.01,0.088,0.0,0.0,0.502,0.0,0.0,0.0,0.0,0.0,0.0,0.0,0.0,0.0,,,,
2016.08.16,함평군,,,,0.0,0.0,0.317,0.027,0.0,0.0,0.22,0.0,0.0,0.0,0.0,0.0,0.0,0.0,0.0,0.0,,,,
2016.08.16,해남군,,,,0.0,0.0,0.0,0.028,0.0,0.0,0.041,0.0,0.0,0.0,0.0,0.0,0.0,0.0,0.0,0.006,,,,
2016.08.16,화순군,,,,0.0,0.0,0.0,0.0,0.09,0.0,6.72,0.0,0.0,0.0,0.0,0.0,0.0,0.0,0.0,0.0,,,,
2016.09.01,강진군,,,,0.0,0.0,0.0,0.0,0.0,0.0,0.0,0.0,0.0,0.0,0.0,0.0,0.0,0.0,0.0,0.0,,,,
2016.09.01,고흥군,,,,0.011,0.0,0.0,0.023,0.006,0.0,0.0,0.0,0.0,0.0,0.0,0.0,0.006,0.0,0.0,0.0,,,,
2016.09.01,곡성군,,,,0.0,0.0,0.0,0.005,0.005,0.0,0.0,0.0,0.0,0.0,0.0,0.0,0.0,0.0,0.0,0.0,,,,
2016.09.01,광양시,,,,0.213,0.0,0.0,0.0,0.0,0.0,0.0,0.0,0.0,0.0,0.0,0.0,0.0,0.0,0.0,0.0,,,,
2016.09.01,구례군,,,,0.0,0.0,0.0,0.0,0.0,0.0,0.0,0.0,0.0,0.0,0.0,0.0,0.0,0.0,0.0,0.0,,,,
2016.09.01,나주시,,,,0.0,0.0,0.0,0.0,0.0,0.0,0.0,0.0,0.0,0.0,0.0,0.0,0.0,0.0,0.0,0.0,,,,
2016.09.01,담양군,,,,0.0,0.0,0.008,0.0,0.0,0.0,0.007,0.0,0.0,0.0,0.0,0.0,0.0,0.0,0.0,0.0,,,,
2016.09.01,무안군,,,,0.005,0.0,0.0,0.0,0.0,0.0,0.023,0.0,0.0,0.0,0.0,0.0,0.0,0.0,0.0,0.0,,,,
2016.09.01,보성군,,,,0.0,0.013,0.0,0.0,0.022,0.0,0.0,0.0,0.0,0.0,0.0,0.0,0.0,0.0,0.0,0.0,,,,
2016.09.01,순천시,,,,0.0,0.05,0.095,0.0,0.0,0.002,0.408,0.0,0.0,0.0,0.0,0.0,0.0,0.0,0.0,0.0,,,,
2016.09.01,신안군,,,,0.003,0.0,0.0,0.005,0.0,0.0,0.257,0.0,0.0,0.0,0.0,0.0,0.0,0.0,0.0,0.0,,,,
2016.09.01,여수시,,,,0.0,0.0,0.0,0.047,0.0,0.0,0.037,0.0,0.0,0.0,0.0,0.0,0.0,0.0,0.0,0.0,,,,
2016.09.01,영광군,,,,0.0,0.0,0.35,0.04,0.0,0.0,0.1,0.0,0.0,0.0,0.0,0.0,0.0,0.0,0.0,0.0,,,,
2016.09.01,영암군,,,,0.1,0.0,0.21,0.21,0.1,,0.75,,,,,,,0.0,0.0,0.0,,,,
2016.09.01,완도군,,,,0.11,0.0,0.56,0.11,0.0,0.0,1.67,0.0,0.0,0.0,0.0,0.0,0.0,0.0,0.0,0.0,,,,
2016.09.01,장성군,,,,0.0,0.0,0.33,0.17,0.0,0.0,0.0,0.0,0.0,0.0,0.0,0.0,0.0,0.0,0.0,0.0,,,,
2016.09.01,장흥군,,,,0.035,,0.067,0.065,0.03,,0.09,,,,,,0.02,,,0.0,,,,
2016.09.01,진도군,,,,0.037,0.03,0.0,0.02,0.005,0.0,0.143,0.0,0.0,0.0,0.0,0.0,0.0,0.0,0.0,0.0,,,,
2016.09.01,함평군,,,,0.0,0.0,0.045,0.005,0.008,0.0,0.402,0.0,0.0,0.0,0.0,0.0,0.0,0.0,0.0,0.0,,,,
2016.09.01,해남군,,,,0.003,0.0,0.0,0.005,0.0,0.0,0.008,0.0,0.0,0.0,0.0,0.0,0.0,0.0,0.0,0.0,,,,
2016.09.01,화순군,,,,0.0,0.0,0.0,1.41,0.16,0.0,1.09,0.0,0.0,0.0,0.0,0.0,0.0,0.0,0.0,0.0,,,,
2016.09.16,강진군,,,,0.0,0.0,0.017,0.0,0.0,0.0,0.0,0.0,0.0,0.0,0.0,0.0,0.0,0.0,0.0,0.0,,,,
2016.09.16,고흥군,,,,0.006,0.0,0.0,0.017,0.006,0.0,0.0,0.0,0.0,0.0,0.0,0.0,0.006,0.0,0.0,0.0,,,,
2016.09.16,곡성군,,,,0.0,0.0,0.0,0.0,0.0,0.0,0.0,0.0,0.0,0.0,0.0,0.0,0.0,0.0,0.0,0.0,,,,
2016.09.16,광양시,,,,0.0,0.0,0.0,0.0,0.0,0.0,0.0,0.0,0.0,0.0,0.0,0.0,0.0,0.0,0.0,0.0,,,,
2016.09.16,구례군,,,,0.02,0.0,0.0,0.0,0.0,0.0,0.08,0.0,0.0,0.0,0.0,0.0,0.0,0.0,0.0,0.0,,,,
2016.09.16,나주시,,,,0.022,0.0,0.0,0.0,0.0,0.0,0.0,0.0,0.0,0.0,0.0,0.0,0.0,0.0,0.0,0.0,,,,
2016.09.16,담양군,,,,0.005,0.0,0.025,0.01,0.0,0.0,0.0,0.0,0.0,0.0,0.0,0.0,0.0,0.0,0.0,0.0,,,,
2016.09.16,무안군,,,,0.008,0.0,0.0,0.007,0.0,0.0,0.035,0.0,0.0,0.0,0.0,0.0,0.0,0.0,0.0,0.0,,,,
2016.09.16,보성군,,,,0.347,0.0,0.0,0.0,0.0,0.0,0.0,0.0,0.0,0.0,0.0,0.0,0.0,0.0,0.0,0.0,,,,
2016.09.16,순천시,,,,0.0,0.0,0.0,0.0,0.0,0.0,0.415,0.0,0.0,0.0,0.0,0.0,0.0,0.0,0.0,0.0,,,,
2016.09.16,신안군,,,,0.008,0.0,0.0,0.002,0.0,0.0,0.21,0.0,0.0,0.0,0.0,0.0,0.0,0.0,0.0,0.0,,,,
2016.09.16,여수시,,,,0.0,0.0,0.0,0.0,0.023,0.0,0.037,0.0,0.0,0.0,0.0,0.0,0.0,0.0,0.0,0.0,,,,
2016.09.16,영광군,,,,0.0,0.0,0.35,0.04,0.0,0.0,0.1,0.0,0.0,0.0,0.0,0.0,0.0,0.0,0.0,0.0,,,,
2016.09.16,영암군,,,,0.04,0.0,0.04,0.04,0.08,,0.16,,,,,,,,,,,,,
2016.09.16,완도군,,,,0.0,0.0,0.0,0.0,0.0,0.0,0.08,0.0,0.0,0.0,0.0,0.0,0.0,0.0,0.0,0.0,,,,
2016.09.16,장성군,,,,0.0,0.0,0.0,0.17,0.17,0.0,0.0,0.0,0.0,0.0,0.0,0.0,0.0,0.0,0.0,0.0,,,,
2016.09.16,장흥군,,,,0.044,,0.05,0.045,0.02,,0.115,,,,,,0.005,,,,,,,
2016.09.16,진도군,,,,0.0,0.01,0.0,0.0,0.0,0.0,0.208,0.0,0.0,0.0,0.0,0.0,0.0,0.0,0.0,0.0,,,,
2016.09.16,함평군,,,,0.0,0.0,0.0,0.0,0.0,0.0,0.47,0.0,0.0,0.0,0.0,0.0,0.0,0.0,0.0,0.0,,,,
2016.09.16,해남군,,,,0.005,0.0,0.0,0.003,0.0,0.0,0.0,0.0,0.0,0.0,0.0,0.0,0.0,0.0,0.0,0.0,,,,
2016.09.16,화순군,,,,0.0,0.0,0.0,3.28,0.31,0.0,8.13,0.0,0.0,0.0,0.0,0.0,0.0,0.0,0.0,0.0,,,,
2017.06.01,강진군,,,,0.0,0.0,0.0,0.0,0.0,0.0,0.0,0.0,0.0,0.0,0.0,0.0,0.0,0.0,0.0,0.0,,,,
2017.06.01,고흥군,,,,0.0,0.0,0.0,0.0,0.0,0.0,0.0,0.0,0.0,0.0,0.0,0.0,0.0,0.0,0.0,0.0,,,,
2017.06.01,곡성군,,,,0.0,0.0,0.0,0.0,0.0,0.0,0.0,0.0,0.0,0.0,0.0,0.0,0.0,0.0,0.0,0.0,,,,
2017.06.01,광양시,,,,0.0,0.0,0.0,0.0,0.0,0.0,0.0,0.0,0.0,0.0,0.0,0.0,0.0,0.0,0.0,0.0,,,,
2017.06.01,구례군,,,,0.0,0.0,0.0,0.0,0.0,0.0,0.0,0.0,0.0,0.0,0.0,0.0,0.0,0.0,0.0,0.0,,,,
2017.06.01,나주시,,,,0.0,0.0,0.0,0.0,0.0,0.0,0.0,0.0,0.0,0.0,0.0,0.0,0.0,0.0,0.0,0.0,,,,
2017.06.01,담양군,,,,0.0,0.0,0.0,0.0,0.0,0.0,0.0,0.0,0.0,0.0,0.0,0.0,0.0,0.0,0.0,0.0,,,,
2017.06.01,무안군,,,,0.0,0.0,0.0,0.0,0.0,0.0,0.0,0.0,0.0,0.0,0.0,0.0,0.0,0.0,0.0,0.0,,,,
2017.06.01,보성군,,,,0.0,0.0,0.0,0.0,0.0,0.0,0.0,0.0,0.0,0.0,0.0,0.0,0.0,0.0,0.0,0.0,,,,
2017.06.01,순천시,,,,0.0,0.0,0.0,0.0,0.0,0.0,0.0,0.0,0.0,0.0,0.0,0.0,0.0,0.0,0.0,0.0,,,,
2017.06.01,신안군,,,,0.0,0.0,0.0,0.0,0.0,0.0,0.0,0.0,0.0,0.0,0.0,0.0,0.0,0.0,0.0,0.0,,,,
2017.06.01,여수시,,,,0.0,0.0,0.0,0.0,0.0,0.0,0.0,0.0,0.0,0.0,0.0,0.0,0.0,0.0,0.0,0.0,,,,
2017.06.01,영광군,,,,0.0,0.0,0.0,0.0,0.0,0.0,0.0,0.0,0.0,0.0,0.0,0.0,0.0,0.0,0.0,0.0,,,,
2017.06.01,영암군,,,,0.0,0.0,0.0,0.0,0.0,0.0,0.0,0.0,0.0,0.0,0.0,0.0,0.0,0.0,0.0,0.0,,,,
2017.06.01,완도군,,,,0.0,0.0,0.0,0.0,0.0,0.0,0.0,0.0,0.0,0.0,0.0,0.0,0.0,0.0,0.0,0.0,,,,
2017.06.01,장성군,,,,0.0,0.0,0.0,0.0,0.0,0.0,0.0,0.0,0.0,0.0,0.0,0.0,0.0,0.0,0.0,0.0,,,,
2017.06.01,장흥군,,,,,,,,,,,,,,,,,0.05,,,,,,
2017.06.01,진도군,,,,0.0,0.0,0.0,0.0,0.0,0.0,0.0,0.0,0.0,0.0,0.0,0.0,0.0,0.01,0.0,0.0,,,,
2017.06.01,함평군,,,,0.0,0.0,0.0,0.0,0.0,0.0,0.0,0.0,0.0,0.0,0.0,0.0,0.0,0.0,0.0,0.0,,,,
2017.06.01,해남군,,,,0.0,0.0,0.0,0.0,0.0,0.0,0.0,0.0,0.0,0.0,0.0,0.0,0.0,0.0,0.0,0.0,,,,
2017.06.01,화순군,,,,0.0,0.0,0.0,0.0,0.0,0.0,0.0,0.0,0.0,0.0,0.0,0.0,0.0,0.0,0.0,0.0,,,,
2017.06.16,강진군,,,,0.0,0.0,0.0,0.0,0.0,0.0,0.0,0.0,0.0,0.0,0.0,0.0,0.0,0.0,0.0,0.0,,,,
2017.06.16,고흥군,,,,0.0,0.0,0.0,0.0,0.0,0.0,0.0,0.0,0.0,0.0,0.0,0.0,0.0,0.037,0.0,0.0,,,,
2017.06.16,곡성군,,,,0.0,0.0,0.0,0.0,0.0,0.0,0.0,0.0,0.0,0.0,0.0,0.0,0.0,0.0,0.0,0.0,,,,
2017.06.16,광양시,,,,0.0,0.0,0.0,0.0,0.0,0.0,0.0,0.0,0.0,0.0,0.0,0.0,0.0,0.0,0.0,0.0,,,,
2017.06.16,구례군,,,,0.0,0.0,0.0,0.0,0.0,0.0,0.0,0.0,0.0,0.0,0.0,0.0,0.0,0.0,0.0,0.0,,,,
2017.06.16,나주시,,,,0.0,0.0,0.0,0.0,0.0,0.0,0.0,0.0,0.002,0.0,0.0,0.0,0.0,0.001,0.002,0.0,,,,
2017.06.16,담양군,,,,0.0,0.0,0.0,0.0,0.0,0.0,0.0,0.0,0.0,0.0,0.0,0.0,0.0,0.0,0.0,0.0,,,,
2017.06.16,무안군,,,,0.0,0.0,0.0,0.0,0.0,0.0,0.0,0.0,0.0,0.0,0.0,0.0,0.0,0.0,0.0,0.0,,,,
2017.06.16,보성군,,,,0.0,0.0,0.0,0.0,0.0,0.0,0.0,0.0,0.0,0.0,0.0,0.642,0.0,0.0,0.0,0.0,,,,
2017.06.16,순천시,,,,0.03,0.0,0.0,0.0,0.0,0.0,0.0,0.0,0.01,0.01,0.01,0.0,0.0,0.037,0.0,0.0,,,,
2017.06.16,신안군,,,,0.0,0.0,0.0,0.0,0.0,0.0,0.0,0.0,0.0,0.0,0.0,0.0,0.0,0.0,0.0,0.0,,,,
2017.06.16,여수시,,,,0.0,0.0,0.0,0.0,0.047,0.0,0.0,0.0,0.0,0.0,0.0,0.0,0.0,0.0,0.0,0.0,,,,
2017.06.16,영광군,,,,0.0,0.0,0.0,0.0,0.0,0.0,0.0,0.0,0.0,0.0,0.0,0.0,0.0,0.0,0.0,0.0,,,,
2017.06.16,영암군,,,,0.0,0.0,0.0,0.0,0.0,0.0,0.0,0.0,0.0,0.0,0.0,0.0,0.0,0.0,0.0,0.0,,,,
2017.06.16,완도군,,,,0.0,0.0,0.0,,0.0,0.0,0.0,0.0,,,,0.0,0.0,0.0,,,,,,
2017.06.16,장성군,,,,0.0,0.0,0.0,0.0,0.0,0.0,0.0,0.0,0.0,0.0,0.0,0.0,0.0,0.0,0.0,0.0,,,,
2017.06.16,장흥군,,,,0.0,0.0,0.0,0.0,0.0,0.0,0.0,0.0,0.0,0.052,0.0,0.0,0.0,0.034,0.0,0.0,,,,
2017.06.16,진도군,,,,0.0,0.0,0.0,0.0,0.0,0.0,0.0,0.0,0.0,0.0,0.0,0.133,0.0,0.008,0.0,0.0,,,,
2017.06.16,함평군,,,,0.0,0.0,0.0,0.0,0.0,0.0,0.0,0.0,0.0,0.0,0.0,0.0,0.0,0.0,0.0,0.0,,,,
2017.06.16,해남군,,,,0.0,0.0,0.0,0.0,0.0,0.0,0.0,0.0,0.0,0.0,0.0,0.489,0.0,0.0,0.0,0.0,,,,
2017.06.16,화순군,,,,0.0,0.0,0.0,0.0,0.0,0.0,0.0,0.0,0.0,0.0,0.0,0.0,0.0,0.0,0.0,0.0,,,,
2017.07.01,강진군,,,,0.0,0.0,0.0,0.0,0.0,0.0,0.0,0.0,0.0,0.0,0.0,0.0,0.0,0.0,0.0,0.0,,,,
2017.07.01,고흥군,,,,0.0,0.0,0.0,0.0,0.0,0.0,0.0,0.0,0.0,0.0,0.0,0.0,0.0,0.011,0.0,0.0,,,,
2017.07.01,곡성군,,,,0.0,0.0,0.0,0.0,0.01,0.0,0.0,0.0,0.0,0.0,0.0,0.0,0.0,0.003,0.0,0.0,,,,
2017.07.01,광양시,,,,0.0,0.0,0.0,0.0,0.0,0.0,0.0,0.0,0.0,0.0,0.0,0.0,0.0,0.0,0.0,0.0,,,,
2017.07.01,구례군,,,,0.0,0.0,0.0,0.0,0.0,0.0,0.0,0.0,0.0,0.0,0.0,0.0,0.0,0.0,0.0,0.0,,,,
2017.07.01,나주시,,,,0.0,0.0,0.0,0.0,0.003,0.0,0.0,0.0,0.0,0.0,0.0,0.0,0.0,0.0,0.0,0.001,,,,
2017.07.01,담양군,,,,0.0,0.0,0.0,0.0,0.0,0.0,0.0,0.0,0.0,0.0,0.0,0.0,0.0,0.0,0.0,0.0,,,,
2017.07.01,무안군,,,,0.0,0.0,0.0,0.0,0.0,0.0,0.0,0.0,0.0,0.0,0.0,0.0,0.0,0.0,0.0,0.0,,,,
2017.07.01,보성군,,,,0.0,0.0,0.0,0.0,0.0,0.0,0.0,0.0,0.0,0.007,0.0,0.0,0.0,0.04,0.0,0.0,,,,
2017.07.01,순천시,,,,0.0,0.0,0.0,0.0,0.14,0.0,0.0,0.0,0.0,0.0,0.0,0.0,0.0,0.06,0.0,0.0,,,,
2017.07.01,신안군,,,,0.0,0.0,0.168,0.0,0.695,0.0,0.0,0.0,0.0,0.0,0.0,0.278,0.0,0.0,0.0,0.0,,,,
2017.07.01,여수시,,,,0.0,0.0,0.0,0.0,0.023,0.0,0.0,0.0,0.0,0.0,0.0,0.0,0.0,0.0,0.0,0.0,,,,
2017.07.01,영광군,,,,0.0,0.0,0.0,0.0,0.0,0.0,0.0,0.0,0.0,0.0,0.0,0.0,0.0,0.007,0.0,0.0,,,,
2017.07.01,영암군,,,,0.0,0.0,0.0,0.0,0.0,0.0,0.0,0.0,0.0,0.0,0.0,0.0,0.0,0.0,0.0,0.0,,,,
2017.07.01,완도군,,,,0.0,0.0,0.0,0.0,0.0,0.0,0.0,0.0,0.0,0.0,0.0,0.0,0.0,0.0,0.0,0.0,,,,
2017.07.01,장성군,,,,0.0,0.0,0.0,0.0,0.17,0.0,0.0,0.0,0.0,0.0,0.0,0.0,0.0,0.0,0.0,0.0,,,,
2017.07.01,장흥군,,,,0.0,0.0,0.0,0.0,0.007,0.0,0.0,0.0,0.0,0.0,0.007,0.0,0.0,0.137,0.0,0.0,,,,
2017.07.01,진도군,,,,0.0,0.0,0.0,0.0,0.0,0.0,0.0,0.0,0.0,0.0,0.0,0.108,0.0,0.01,0.0,0.0,,,,
2017.07.01,함평군,,,,0.0,0.0,0.0,0.0,0.0,0.0,0.0,0.0,0.0,0.0,0.0,0.0,0.0,0.0,0.0,0.0,,,,
2017.07.01,해남군,,,,0.0,0.0,0.0,0.0,0.011,0.0,0.0,0.0,0.0,0.0,0.0,0.022,0.0,0.002,0.0,0.0,,,,
2017.07.01,화순군,,,,0.0,0.0,0.0,0.0,0.0,0.0,0.0,0.0,0.0,0.0,0.0,0.0,0.0,0.0,0.0,0.0,,,,
2017.07.16,강진군,,,,0.0,0.0,0.0,0.0,0.0,0.0,0.0,0.0,0.0,0.0,0.0,0.0,0.0,0.0,0.0,0.0,,,,
2017.07.16,고흥군,,,,0.0,0.0,0.0,0.0,0.0,0.0,0.0,0.0,0.0,0.0,0.0,0.0,0.0,0.0,0.0,0.0,,,,
2017.07.16,곡성군,,,,0.0,0.0,0.0,0.0,0.0,0.0,0.0,0.0,0.0,0.0,0.0,0.0,0.0,0.0,0.0,0.0,,,,
2017.07.16,광양시,,,,0.0,0.0,0.0,0.0,0.0,0.0,0.063,0.0,0.0,0.0,0.0,0.0,0.0,0.0,0.0,0.0,,,,
2017.07.16,구례군,,,,0.0,0.0,0.0,0.0,0.0,0.0,0.0,0.0,0.0,0.0,0.0,0.0,0.0,0.0,0.0,0.0,,,,
2017.07.16,나주시,,,,0.0,0.0,0.0,0.0,0.0,0.0,0.06,0.001,0.0,0.0,0.0,0.0,0.0,0.0,0.0,0.0,,,,
2017.07.16,담양군,,,,0.0,0.0,0.0,0.0,0.0,0.0,0.0,0.0,0.0,0.0,0.0,0.0,0.0,0.0,0.0,0.0,,,,
2017.07.16,무안군,,,,0.0,0.0,0.0,0.0,0.0,0.0,0.0,0.0,0.0,0.0,0.0,0.0,0.0,0.0,0.0,0.0,,,,
2017.07.16,보성군,,,,0.0,0.0,0.0,0.0,0.0,0.0,0.0,0.0,0.0,0.0,0.0,0.0,0.0,0.0,0.0,0.0,,,,
2017.07.16,순천시,,,,0.0,0.0,0.0,0.0,0.163,0.0,0.007,0.0,0.0,0.0,0.0,0.0,0.0,0.0,0.0,0.003,,,,
2017.07.16,신안군,,,,0.0,0.0,0.085,0.0,0.0,0.0,0.018,0.0,0.0,0.0,0.0,0.085,0.0,0.0,0.02,0.0,,,,
2017.07.16,여수시,,,,0.0,0.0,0.0,0.0,0.093,0.0,0.067,0.0,0.0,0.0,0.0,0.0,0.0,0.0,0.0,0.02,,,,
2017.07.16,영광군,,,,0.0,0.0,0.0,0.0,0.0,0.0,0.017,0.0,0.0,0.0,0.0,0.008,0.0,0.0,0.0,0.0,,,,
2017.07.16,영암군,,,,0.0,0.0,0.0,0.0,0.0,0.0,0.0,0.0,0.0,0.0,0.0,0.0,0.0,0.0,0.0,0.0,,,,
2017.07.16,완도군,,,,0.0,0.0,0.0,0.0,0.0,0.0,0.0,0.0,0.0,0.0,0.0,0.0,0.0,0.0,0.0,0.0,,,,
2017.07.16,장성군,,,,0.0,0.0,0.0,0.0,0.33,0.01,0.0,0.0,0.0,0.0,0.0,0.0,0.0,0.0,0.0,0.0,,,,
2017.07.16,장흥군,,,,,,,0.02,0.088,0.005,0.262,,0.053,0.02,0.035,0.182,0.02,0.023,,,,,,
2017.07.16,진도군,,,,0.0,0.0,0.0,0.01,0.0,0.0,0.0,0.0,0.0,0.01,0.018,0.088,0.0,0.005,0.0,0.0,,,,
2017.07.16,함평군,,,,0.0,0.0,0.0,0.0,0.0,0.0,0.073,0.0,0.01,0.0,0.0,0.0,0.0,0.003,0.0,0.002,,,,
2017.07.16,해남군,,,,0.0,0.0,0.0,0.0,0.0,0.0,0.003,0.0,0.0,0.0,0.0,0.0,0.0,0.0,0.0,0.0,,,,
2017.07.16,화순군,,,,0.0,0.0,0.75,0.0,0.0,0.0,0.09,0.0,0.0,0.0,0.0,0.0,0.0,0.0,0.0,0.0,,,,
2017.08.01,강진군,,,,0.0,0.0,0.0,0.0,0.0,0.0,0.0,0.0,0.0,0.0,0.0,0.0,0.0,0.0,0.0,0.0,,,,
2017.08.01,고흥군,,,,0.0,0.0,0.009,0.009,0.004,0.0,0.011,0.0,0.0,0.0,0.0,0.0,0.004,0.0,0.0,0.0,,,,
2017.08.01,곡성군,,,,0.0,0.0,0.0,0.277,0.138,0.0,0.625,0.0,0.0,0.0,0.0,0.0,0.0,0.0,0.0,0.0,,,,
2017.08.01,광양시,,,,0.0,0.0,0.087,0.0,0.0,0.0,0.06,0.0,0.0,0.0,0.0,0.0,0.04,0.0,0.0,0.0,,,,
2017.08.01,구례군,,,,0.0,0.0,0.0,0.0,0.0,0.0,0.08,0.0,0.0,0.0,0.0,0.0,0.0,0.0,0.0,0.0,,,,
2017.08.01,나주시,,,,0.0,0.0,0.0,0.0,0.0,0.0,0.007,0.0,0.0,0.0,0.0,0.0,0.0,0.0,0.0,0.0,,,,
2017.08.01,담양군,,,,0.0,0.0,0.0,0.0,0.0,0.0,0.0,0.0,0.0,0.0,0.0,0.0,0.0,0.0,0.0,0.0,,,,
2017.08.01,무안군,,,,0.0,0.0,0.0,0.0,0.0,0.0,0.298,0.0,0.0,0.0,0.0,0.0,0.0,0.0,0.0,0.0,,,,
2017.08.01,보성군,,,,0.0,0.0,0.06,0.0,0.03,0.0,0.045,0.0,0.0,0.0,0.0,0.04,0.0,0.005,0.0,0.0,,,,
2017.08.01,순천시,,,,0.0,0.0,0.0,0.01,0.0,0.0,0.0,0.0,0.0,0.0,0.0,0.0,0.0,0.0,0.0,0.0,,,,
2017.08.01,신안군,,,,0.003,0.0,0.0,0.237,0.105,0.002,0.313,0.0,0.0,0.0,0.0,0.0,0.0,0.0,0.0,0.003,,,,
2017.08.01,여수시,,,,0.0,0.0,0.0,0.0,0.0,0.0,0.0,0.0,0.0,0.0,0.0,0.0,0.0,0.0,0.0,0.0,,,,
2017.08.01,영광군,,,,0.0,0.0,0.0,0.0,0.003,0.0,0.027,0.0,0.0,0.0,0.0,0.0,0.0,0.0,0.0,0.0,,,,
2017.08.01,영암군,,,,0.0,0.0,0.0,0.0,0.0,0.0,0.0,0.0,0.0,0.0,0.0,0.0,0.0,0.0,0.0,0.0,,,,
2017.08.01,완도군,,,,0.0,0.0,0.0,0.0,0.0,0.0,0.0,0.0,0.0,0.0,0.0,0.11,0.0,0.0,0.0,0.0,,,,
2017.08.01,장성군,,,,0.0,0.0,0.0,0.0,0.0,0.01,0.0,0.0,0.33,0.0,0.17,0.0,0.33,0.0,0.0,0.0,,,,
2017.08.01,장흥군,,,,0.033,0.05,0.05,0.135,0.293,0.01,0.282,,0.02,0.053,0.02,0.108,0.02,0.02,,,,,,
2017.08.01,진도군,,,,0.0,0.0,0.043,0.02,0.0,0.0,0.007,0.0,0.0,0.013,0.0,0.148,0.0,0.0,0.0,0.0,,,,
2017.08.01,함평군,,,,0.0,0.0,0.0,0.04,0.0,0.0,0.157,0.0,0.0,0.0,0.0,0.0,0.0,0.0,0.0,0.0,,,,
2017.08.01,해남군,,,,0.0,0.0,0.009,0.033,0.009,0.0,0.413,0.0,0.0,0.0,0.0,0.0,0.0,0.0,0.0,0.0,,,,
2017.08.01,화순군,,,,0.0,0.0,0.62,0.0,0.0,0.0,4.22,0.0,0.0,0.0,0.0,0.0,0.0,0.0,0.0,0.0,,,,
2017.08.16,강진군,,,,0.0,0.0,0.042,0.0,0.0,0.0,0.04,0.002,0.0,0.0,0.0,0.0,0.0,0.0,0.0,0.0,,,,
2017.08.16,고흥군,,,,0.009,0.009,0.026,0.009,0.0,0.0,0.017,0.0,0.0,0.0,0.0,0.0,0.004,0.0,0.0,0.0,,,,
2017.08.16,곡성군,,,,0.0,0.0,0.0,0.06,0.185,0.0,0.602,0.0,0.0,0.0,0.0,0.0,0.0,0.008,0.0,0.0,,,,
2017.08.16,광양시,,,,0.0,0.0,0.13,0.0,0.0,0.0,0.06,0.0,0.0,0.0,0.0,0.0,0.04,0.0,0.0,0.0,,,,
2017.08.16,구례군,,,,0.0,0.11,0.0,0.0,0.0,0.0,0.11,0.0,0.0,0.0,0.0,0.0,0.0,0.0,0.0,0.0,,,,
2017.08.16,나주시,,,,0.0,0.0,0.0,0.0,0.0,0.0,0.03,0.0,0.0,0.0,0.0,0.0,0.0,0.0,0.0,0.0,,,,
2017.08.16,담양군,,,,0.0,0.0,0.0,0.0,0.0,0.0,0.0,0.0,0.0,0.0,0.0,0.0,0.0,0.0,0.0,0.0,,,,
2017.08.16,무안군,,,,0.0,0.0,0.0,0.0,0.0,0.0,0.073,0.0,0.0,0.0,0.0,0.0,0.0,0.0,0.0,0.0,,,,
2017.08.16,보성군,,,,0.003,0.0,0.027,0.0,0.0,0.0,0.01,0.0,0.0,0.0,0.0,0.085,0.007,0.005,0.0,0.0,,,,
2017.08.16,순천시,,,,0.0,0.0,0.0,0.0,0.0,0.0,0.0,0.0,0.0,0.0,0.0,0.0,0.0,0.0,0.0,0.0,,,,
2017.08.16,신안군,,,,0.003,0.0,0.0,0.01,0.0,0.0,0.015,0.0,0.0,0.0,0.0,0.0,0.0,0.0,0.0,0.0,,,,
2017.08.16,여수시,,,,0.0,0.0,0.0,0.0,0.0,0.0,0.067,0.0,0.0,0.0,0.0,0.0,0.0,0.0,0.0,0.0,,,,
2017.08.16,영광군,,,,0.0,0.0,0.0,0.0,0.0,0.0,0.005,0.0,0.0,0.0,0.0,0.0,0.0,0.0,0.0,0.0,,,,
2017.08.16,영암군,,,,0.0,0.0,0.04,0.02,0.04,0.0,0.07,0.0,0.0,0.0,0.0,0.0,0.0,0.0,0.0,0.0,,,,
2017.08.16,완도군,,,,0.0,0.0,0.0,0.0,0.0,0.0,0.0,0.0,0.0,0.0,0.0,0.11,0.0,0.0,0.0,0.0,,,,
2017.08.16,장성군,,,,0.0,0.0,0.0,0.0,0.17,0.01,0.25,0.0,0.0,0.0,0.17,0.0,0.17,0.0,0.0,0.0,,,,
2017.08.16,장흥군,,,,0.007,0.008,0.0,0.02,0.057,0.0,0.04,0.0,0.0,0.003,0.0,0.008,0.003,0.003,0.0,0.0,,,,
2017.08.16,진도군,,,,0.0,0.0,0.025,0.01,0.0,0.0,0.025,0.0,0.0,0.0,0.0,0.0,0.0,0.0,0.0,0.0,,,,
2017.08.16,함평군,,,,0.0,0.0,0.02,0.01,0.01,0.0,0.04,0.0,0.0,0.0,0.0,0.0,0.0,0.0,0.0,0.0,,,,
2017.08.16,해남군,,,,0.0,0.0,0.0,0.007,0.002,0.0,0.04,0.0,0.0,0.0,0.0,0.0,0.0,0.0,0.0,0.0,,,,
2017.08.16,화순군,,,,0.0,0.0,0.06,0.31,0.0,0.0,0.37,0.0,0.0,0.0,0.0,0.0,0.0,0.0,0.0,0.0,,,,
2017.09.01,강진군,,,,0.0,0.05,0.0,0.0,0.003,0.0,0.025,0.003,0.0,0.0,0.0,0.0,0.003,0.0,0.0,0.0,,,,
2017.09.01,고흥군,,,,0.004,0.0,0.009,0.004,0.0,0.0,0.017,0.0,0.0,0.0,0.0,0.0,0.0,0.0,0.0,0.0,,,,
2017.09.01,곡성군,,,,0.0,0.0,0.0,0.005,0.047,0.0,0.227,0.0,0.0,0.0,0.0,0.0,0.0,0.0,0.0,0.0,,,,
2017.09.01,광양시,,,,0.063,0.0,0.087,0.0,0.0,0.0,0.127,0.0,0.0,0.0,0.0,0.043,0.1,0.0,0.0,0.0,,,,
2017.09.01,구례군,,,,0.0,0.147,0.0,0.0,0.0,0.0,0.08,0.0,0.037,0.0,0.0,0.0,0.06,0.0,0.0,0.0,,,,
2017.09.01,나주시,,,,0.002,0.0,0.0,0.0,0.0,0.0,0.007,0.0,0.0,0.0,0.0,0.0,0.0,0.0,0.0,0.0,,,,
2017.09.01,담양군,,,,0.0,0.003,0.0,0.005,0.003,0.0,0.023,0.0,0.0,0.0,0.0,0.0,0.0,0.0,0.0,0.0,,,,
2017.09.01,무안군,,,,0.0,0.0,0.0,0.007,0.0,0.0,0.087,0.0,0.0,0.0,0.0,0.0,0.0,0.0,0.0,0.0,,,,
2017.09.01,보성군,,,,0.08,0.122,0.027,0.02,0.032,0.0,0.025,0.0,0.0,0.0,0.0,0.02,0.007,0.0,0.0,0.0,,,,
2017.09.01,순천시,,,,0.0,0.038,0.02,0.052,0.023,0.0,0.042,0.0,0.0,0.0,0.0,0.0,0.0,0.0,0.0,0.0,,,,
2017.09.01,신안군,,,,0.0,0.208,0.555,0.01,0.0,0.0,0.187,0.0,0.0,0.0,0.0,0.208,0.0,0.0,0.0,0.0,,,,
2017.09.01,여수시,,,,0.137,0.0,0.0,0.0,1.037,0.0,0.337,0.0,0.0,0.0,0.0,0.0,0.0,0.0,0.0,0.0,,,,
2017.09.01,영광군,,,,0.0,0.0,0.0,0.0,0.0,0.0,0.017,0.0,0.0,0.0,0.0,0.0,0.0,0.0,0.0,0.0,,,,
2017.09.01,영암군,,,,0.0,0.0,0.0,0.02,0.12,,0.1,0.0,0.0,0.0,0.0,0.0,0.0,0.0,0.0,0.0,,,,
2017.09.01,완도군,,,,0.06,0.0,0.0,0.0,0.06,0.0,0.08,0.0,0.0,0.0,0.0,0.11,0.0,0.0,0.0,0.0,,,,
2017.09.01,장성군,,,,0.0,0.0,0.0,0.0,0.17,0.01,0.25,0.0,0.0,0.0,0.17,0.0,0.17,0.0,0.0,0.0,,,,
2017.09.01,장흥군,,,,0.1,0.05,,0.083,0.075,,0.083,,,,,,,,,,,,,
2017.09.01,진도군,,,,0.0,0.017,0.0,0.023,0.0,0.0,0.013,0.0,0.0,0.0,0.0,0.0,0.005,0.0,0.0,0.0,,,,
2017.09.01,함평군,,,,0.04,0.028,0.057,0.04,0.02,0.0,0.177,0.0,0.0,0.0,0.0,0.0,0.0,0.0,0.0,0.0,,,,
2017.09.01,해남군,,,,0.002,0.0,0.0,0.0,0.002,0.0,0.037,0.0,0.0,0.0,0.0,0.0,0.0,0.0,0.0,0.0,,,,
2017.09.01,화순군,,,,0.0,1.88,0.0,2.5,0.0,0.0,12.19,0.0,0.0,0.0,0.0,0.0,0.0,0.0,0.0,0.0,,,,
2017.09.16,강진군,,,,0.003,0.05,0.0,0.0,0.035,0.0,0.032,0.0,0.0,0.0,0.0,0.0,0.0,0.0,0.0,0.0,,,,
2017.09.16,고흥군,,,,0.004,0.0,0.009,0.004,0.0,0.0,0.017,0.0,0.0,0.0,0.0,0.0,0.0,0.0,0.0,0.0,,,,
2017.09.16,곡성군,,,,0.37,0.0,0.093,0.232,0.052,0.0,0.412,0.0,0.0,0.0,0.0,0.0,0.0,0.0,0.0,0.0,,,,
2017.09.16,광양시,,,,0.083,0.0,0.0,0.0,0.0,0.0,0.25,0.0,0.0,0.0,0.0,0.0,0.04,0.0,0.0,0.0,,,,
2017.09.16,구례군,,,,0.0,0.11,0.0,0.0,0.0,0.0,0.053,0.0,0.0,0.0,0.0,0.0,0.02,0.0,0.0,0.0,,,,
2017.09.16,나주시,,,,0.0,0.0,0.0,0.009,0.0,0.0,0.0,0.0,0.0,0.0,0.0,0.0,0.0,0.0,0.0,0.0,,,,
2017.09.16,담양군,,,,0.0,0.0,0.0,0.002,0.0,0.0,0.007,0.0,0.0,0.0,0.0,0.0,0.0,0.0,0.0,0.0,,,,
2017.09.16,무안군,,,,0.007,0.005,0.01,0.0,0.0,0.0,0.09,0.0,0.0,0.0,0.0,0.0,0.0,0.0,0.0,0.0,,,,
2017.09.16,보성군,,,,0.013,0.077,0.0,0.01,0.0,0.0,0.02,0.0,0.0,0.0,0.0,0.0,0.0,0.0,0.0,0.0,,,,
2017.09.16,순천시,,,,0.0,0.02,0.02,0.015,0.023,0.0,0.028,0.0,0.0,0.0,0.0,0.0,0.0,0.0,0.0,0.0,,,,
2017.09.16,신안군,,,,0.017,0.0,0.0,0.02,0.0,0.0,0.038,0.0,0.0,0.0,0.0,0.0,0.0,0.0,0.0,0.0,,,,
2017.09.16,여수시,,,,0.25,0.0,0.0,0.0,0.387,0.0,0.1,0.0,0.0,0.0,0.0,0.0,0.0,0.0,0.0,0.0,,,,
2017.09.16,영광군,,,,0.003,0.008,0.0,0.0,0.0,0.0,0.017,0.0,0.0,0.0,0.0,0.008,0.0,0.0,0.0,0.0,,,,
2017.09.16,영암군,,,,,,,0.02,0.12,,0.18,,,,,,,,,,,,,
2017.09.16,완도군,,,,0.06,,,,0.06,0.0,0.08,0.0,0.0,0.0,0.0,0.0,0.0,,,,,,,
2017.09.16,장성군,,,,0.0,0.0,0.0,0.0,0.17,0.01,0.25,0.0,0.0,0.0,0.17,0.0,0.0,0.0,0.0,0.0,,,,
2017.09.16,장흥군,,,,0.058,0.05,,0.02,0.058,,0.143,,,,,,0.02,,,,,,,
2017.09.16,진도군,,,,0.0,0.017,0.0,0.02,0.0,0.0,0.062,0.0,0.0,0.0,0.0,0.0,0.0,0.0,0.0,0.0,,,,
2017.09.16,함평군,,,,0.025,0.02,0.02,0.025,0.005,0.0,0.033,0.0,0.0,0.0,0.0,0.0,0.0,0.0,0.0,0.0,,,,
2017.09.16,해남군,,,,0.009,0.009,0.0,0.018,0.011,0.0,0.027,0.0,0.0,0.0,0.0,0.0,0.0,0.0,0.0,0.0,,,,
2017.09.16,화순군,,,,0.0,0.31,0.0,0.94,0.31,0.0,0.0,0.0,0.0,0.0,0.0,0.0,0.0,0.0,0.0,0.0,,,,
2018.06.01,강진군,,,,0.0,0.0,0.0,0.0,0.0,0.0,0.0,0.0,0.0,0.0,0.0,0.0,0.0,0.0,0.0,0.0,,,,
2018.06.01,고흥군,,,,0.0,0.0,0.0,0.0,0.0,0.0,0.0,0.0,0.0,0.0,0.0,0.0,0.0,0.0,0.0,0.0,,,,
2018.06.01,곡성군,,,,0.0,0.0,0.0,0.0,0.0,0.0,0.0,0.0,0.0,0.0,0.0,0.0,0.0,0.0,0.0,0.0,,,,
2018.06.01,광양시,,,,,,,,0.0,,,,0.0,0.0,0.0,,,0.0,,,,,,
2018.06.01,구례군,,,,0.0,0.0,0.0,0.0,0.0,0.0,0.0,0.0,0.0,0.0,0.0,0.0,0.0,0.0,0.0,0.0,,,,
2018.06.01,나주시,,,,0.0,0.0,0.0,0.0,0.0,0.0,0.0,0.0,0.0,0.0,0.0,0.0,0.0,0.0,0.0,0.0,,,,
2018.06.01,담양군,,,,0.0,0.0,0.0,0.0,0.0,0.0,0.0,0.0,0.0,0.0,0.0,0.0,0.0,0.0,0.0,0.0,,,,
2018.06.01,무안군,,,,,,,,0.0,,,,0.0,0.0,0.0,,,0.0,,,,,,
2018.06.01,보성군,,,,0.0,0.0,0.0,0.0,0.0,0.0,0.0,0.0,0.0,0.0,0.0,0.0,0.0,0.0,0.0,0.0,,,,
2018.06.01,순천시,,,,0.0,0.0,0.0,0.0,0.0,0.0,0.0,0.0,0.0,0.0,0.0,0.0,0.0,0.09,0.0,0.0,,,,
2018.06.01,신안군,,,,0.0,0.0,0.0,0.0,0.0,0.0,0.0,0.0,0.0,0.0,0.0,0.0,0.0,0.0,0.0,0.0,,,,
2018.06.01,여수시,,,,0.0,0.0,0.0,0.0,0.0,0.0,0.0,0.0,0.0,0.0,0.0,0.0,0.0,0.0,0.0,0.0,,,,
2018.06.01,영광군,,,,0.0,0.0,0.0,0.0,0.0,0.0,0.0,0.0,0.0,0.0,0.0,0.0,0.0,0.0,0.0,0.0,,,,
2018.06.01,영암군,,,,0.0,0.0,0.0,0.0,0.0,0.0,0.0,0.0,0.0,0.0,0.0,0.0,0.0,0.0,0.0,0.0,,,,
2018.06.01,완도군,,,,,,,,,,,,0.0,0.0,0.0,,,,,,,,,
2018.06.01,장성군,,,,0.0,0.0,0.0,0.0,0.0,0.0,0.0,0.0,0.0,0.0,0.0,0.0,0.0,0.0,0.0,0.0,,,,
2018.06.01,장흥군,,,,0.0,0.0,0.0,0.0,0.0,0.0,0.0,0.0,0.0,0.0,0.0,0.0,0.0,0.016,0.0,0.0,,,,
2018.06.01,진도군,,,,0.0,0.0,0.0,0.0,0.0,0.0,0.0,0.0,0.0,0.0,0.0,0.0,0.0,0.018,0.0,0.0,,,,
2018.06.01,함평군,,,,0.0,0.0,0.0,0.0,0.0,0.0,0.0,0.0,0.0,0.0,0.0,0.0,0.0,0.0,0.0,0.0,,,,
2018.06.01,해남군,,,,0.0,0.0,0.0,0.0,0.0,0.0,0.0,0.0,0.0,0.0,0.0,0.0,0.0,0.0,0.0,0.0,,,,
2018.06.01,화순군,,,,0.0,0.0,0.0,0.0,0.0,0.0,0.0,0.0,0.0,0.0,0.0,0.0,0.0,0.0,0.0,0.0,,,,
2018.06.16,강진군,,,,0.0,0.0,0.0,0.0,0.0,0.0,0.0,0.0,0.0,0.0,0.0,0.0,0.0,0.0,0.0,0.0,,,,
2018.06.16,고흥군,,,,0.0,0.0,0.0,0.0,0.0,0.0,0.0,0.0,0.0,0.0,0.0,0.0,0.0,0.0,0.0,0.0,,,,
2018.06.16,곡성군,,,,0.0,0.0,0.0,0.0,0.0,0.0,0.0,0.0,0.0,0.0,0.0,0.0,0.0,0.305,0.0,0.0,,,,
2018.06.16,광양시,,,,0.0,0.0,0.0,0.0,0.0,0.0,0.0,0.0,0.0,0.0,0.0,0.0,0.0,0.0,0.0,0.0,,,,
2018.06.16,구례군,,,,0.0,0.0,0.0,0.0,0.0,0.0,0.0,0.0,0.0,0.0,0.0,0.0,0.0,0.0,0.0,0.0,,,,
2018.06.16,나주시,,,,0.0,0.0,0.0,0.0,0.0,0.0,0.0,0.0,0.0,0.0,0.0,0.0,0.0,0.001,0.0,0.0,,,,
2018.06.16,담양군,,,,0.0,0.0,0.0,0.0,0.0,0.0,0.0,0.0,0.0,0.0,0.0,0.0,0.0,0.0,0.0,0.0,,,,
2018.06.16,무안군,,,,,,,0.0,0.0,0.0,0.0,0.0,0.0,0.0,0.0,0.0,0.0,0.0,0.0,0.0,,,,
2018.06.16,보성군,,,,0.0,0.0,0.0,0.0,0.0,0.0,0.0,0.0,0.0,0.0,0.0,0.0,0.0,0.0,0.0,0.0,,,,
2018.06.16,순천시,,,,0.0,0.0,0.0,0.0,0.0,0.0,0.0,0.0,0.0,0.0,0.0,0.0,0.0,0.0,0.0,0.0,,,,
2018.06.16,신안군,,,,0.0,0.0,0.0,0.0,0.0,0.0,0.0,0.0,0.0,0.0,0.0,0.0,0.0,0.0,0.0,0.0,,,,
2018.06.16,여수시,,,,0.0,0.0,0.0,0.0,0.083,0.0,0.0,0.0,0.0,0.0,0.0,0.0,0.0,0.053,0.0,0.0,,,,
2018.06.16,영광군,,,,0.0,0.0,0.0,0.0,0.0,0.0,0.0,0.0,0.0,0.0,0.0,0.0,0.0,0.0,0.0,0.0,,,,
2018.06.16,영암군,,,,,,,0.0,0.0,0.0,0.0,0.0,0.0,0.0,0.0,0.0,0.0,0.0,0.0,0.0,,,,
2018.06.16,완도군,,,,,,,0.0,0.0,0.0,0.0,,0.0,0.0,0.0,0.0,0.0,0.0,0.0,0.0,,,,
2018.06.16,장성군,,,,0.0,0.0,0.0,0.0,0.0,0.0,0.0,0.0,0.0,0.0,0.0,0.0,0.0,0.0,0.0,0.0,,,,
2018.06.16,장흥군,,,,0.0,0.0,0.0,0.0,0.0,0.0,0.0,0.0,0.0,0.0,0.0,0.0,0.0,0.01,0.0,0.0,,,,
2018.06.16,진도군,,,,0.0,0.0,0.0,0.0,0.0,0.0,0.0,0.0,0.0,0.005,0.0,0.017,0.0,0.025,0.0,0.0,,,,
2018.06.16,함평군,,,,0.0,0.0,0.0,0.0,0.0,0.0,0.0,0.0,0.0,0.0,0.0,0.0,0.0,0.003,0.0,0.0,,,,
2018.06.16,해남군,,,,0.0,0.0,0.0,0.0,0.0,0.0,0.0,0.0,0.0,0.0,0.0,0.0,0.0,0.0,0.0,0.0,,,,
2018.06.16,화순군,,,,0.0,0.0,0.0,0.0,0.0,0.0,0.0,0.0,0.0,0.0,0.0,0.0,0.0,0.0,0.0,0.0,,,,
2018.07.01,강진군,,,,0.0,0.0,0.0,0.0,0.132,0.0,0.0,0.0,0.0,0.0,0.0,0.0,0.0,0.0,0.0,0.0,,,,
2018.07.01,고흥군,,,,0.0,0.0,0.0,0.0,0.064,0.0,0.0,0.0,0.0,0.0,0.0,0.0,0.0,0.0,0.0,0.0,,,,
2018.07.01,광양시,,,,0.0,0.0,0.0,0.0,0.0,0.0,0.0,0.0,0.0,0.0,0.0,0.0,0.0,0.013,0.0,0.0,,,,
2018.07.01,나주시,,,,0.0,0.0,0.0,0.0,0.002,0.0,0.0,0.0,0.0,0.0,0.0,0.0,0.0,0.0,0.0,0.0,,,,
2018.07.01,순천시,,,,0.0,0.0,0.0,0.0,0.047,0.0,0.0,0.0,0.0,0.0,0.0,0.0,0.0,0.0,0.0,0.0,,,,
2018.07.01,신안군,,,,0.0,0.0,0.317,0.0,0.793,0.0,0.0,0.0,0.0,0.0,0.0,0.008,0.0,0.0,0.0,0.0,,,,
2018.07.01,여수시,,,,0.0,0.0,0.0,0.0,0.157,0.0,0.0,0.0,0.0,0.0,0.0,0.0,0.0,0.0,0.0,0.05,,,,
2018.07.01,영광군,,,,0.0,0.0,0.0,0.0,0.017,0.0,0.0,0.0,0.0,0.0,0.0,0.0,0.0,0.0,0.0,0.0,,,,
2018.07.01,영암군,,,,,0.0,0.0,0.0,0.0,0.0,0.0,0.0,0.0,0.0,0.0,0.0,0.0,0.0,0.0,0.0,,,,
2018.07.01,완도군,,,,,0.0,0.0,0.0,0.0,0.0,0.0,0.0,0.0,0.0,0.0,0.0,0.0,0.0,0.0,0.0,,,,
2018.07.01,진도군,,,,0.0,0.0,0.0,0.0,0.005,0.0,0.0,0.0,0.0,0.005,0.0,0.0,0.0,0.0,0.0,0.0,,,,
2018.07.01,해남군,,,,0.0,0.0,0.0,0.0,0.002,0.0,0.0,0.0,0.0,0.0,0.0,0.0,0.0,0.0,0.0,0.0,,,,
2018.07.01,화순군,,,,0.0,0.0,0.0,0.0,0.0,0.0,0.0,0.0,0.0,0.0,0.0,0.0,0.0,0.0,0.0,0.0,,,,
2018.07.16,강진군,,,,0.0,0.0,0.0,0.0,0.035,0.0,0.0,0.0,0.0,0.0,0.0,0.0,0.0,0.0,0.0,0.0,,,,
2018.07.16,고흥군,,,,0.0,0.0,0.0,0.0,0.074,0.0,0.0,0.0,0.0,0.0,0.0,0.0,0.0,0.0,0.0,0.0,,,,
2018.07.16,곡성군,,,,0.0,0.0,0.0,0.0,0.0,0.0,0.008,0.0,0.0,0.0,0.0,0.0,0.0,0.0,0.0,0.0,,,,
2018.07.16,광양시,,,,0.0,0.0,0.0,0.0,0.0,0.0,0.01,0.0,0.0,0.0,0.0,0.0,0.0,0.0,0.0,0.0,,,,
2018.07.16,구례군,,,,0.0,0.0,0.0,0.0,0.0,0.0,0.0,0.0,0.0,0.0,0.0,0.0,0.0,0.0,0.0,0.0,,,,
2018.07.16,나주시,,,,0.0,0.0,0.0,0.0,0.0,0.0,0.01,0.0,0.0,0.0,0.0,0.0,0.0,0.0,0.0,0.0,,,,
2018.07.16,담양군,,,,0.0,0.0,0.0,0.0,0.0,0.0,0.048,0.0,0.002,0.003,0.0,0.0,0.0,0.0,0.0,0.0,,,,
2018.07.16,무안군,,,,0.0,0.0,0.0,0.0,0.0,0.0,0.027,0.0,0.0,0.0,0.0,0.0,0.0,0.0,0.0,0.0,,,,
2018.07.16,보성군,,,,0.0,0.0,0.003,0.0,0.008,0.0,0.005,0.0,0.0,0.002,0.0,0.0,0.0,0.005,0.0,0.0,,,,
2018.07.16,순천시,,,,0.0,0.0,0.0,0.0,0.508,0.0,0.0,0.0,0.0,0.0,0.0,0.0,0.0,0.0,0.0,0.0,,,,
2018.07.16,신안군,,,,0.0,0.0,0.0,0.0,1.705,0.0,0.0,0.0,0.0,0.0,0.0,2.618,0.0,0.0,0.0,0.0,,,,
2018.07.16,여수시,,,,0.06,0.0,0.0,0.0,0.06,0.0,0.093,0.0,0.0,0.0,0.0,0.0,0.0,0.0,0.0,0.09,,,,
2018.07.16,영광군,,,,0.0,0.0,0.0,0.0,0.028,0.0,0.0,0.0,0.0,0.0,0.0,0.0,0.0,0.0,0.0,0.0,,,,
2018.07.16,영암군,,,,0.0,0.0,0.0,0.0,0.0,0.0,0.0,0.0,0.0,0.0,0.0,0.0,0.0,0.0,0.0,0.0,,,,
2018.07.16,완도군,,,,0.0,0.0,0.0,0.0,0.11,0.0,0.0,0.0,0.0,0.0,0.0,0.0,0.0,0.0,0.0,0.0,,,,
2018.07.16,장성군,,,,0.0,0.0,0.0,0.0,0.028,0.0,0.0,0.0,0.0,0.0,0.0,0.0,0.0,0.045,0.0,0.0,,,,
2018.07.16,장흥군,,,,0.02,,0.05,0.02,0.047,0.0,0.065,,,,0.05,0.05,0.028,0.022,,,,,,
2018.07.16,진도군,,,,0.0,0.0,0.0,0.0,0.0,0.0,0.007,0.0,0.0,0.003,0.0,0.0,0.0,0.0,0.0,0.005,,,,
2018.07.16,함평군,,,,0.0,0.0,0.0,0.0,0.147,0.0,0.008,0.0,0.0,0.0,0.0,0.0,0.0,0.0,0.0,0.0,,,,
2018.07.16,해남군,,,,0.024,0.0,0.0,0.002,0.009,0.004,0.04,0.0,0.0,0.0,0.0,0.0,0.0,0.0,0.0,0.0,,,,
2018.07.16,화순군,,,,0.0,0.0,0.032,0.0,0.037,0.0,0.0,0.0,0.0,0.0,0.0,0.0,0.0,0.0,0.0,0.0,,,,
2018.08.01,강진군,,,,0.0,0.0,0.0,0.0,0.0,0.0,0.0,0.0,0.0,0.0,0.0,0.0,0.0,0.0,0.0,0.0,,,,
2018.08.01,고흥군,,,,0.0,0.0,0.0,0.003,0.037,0.0,0.0,0.0,0.0,0.0,0.0,0.0,0.0,0.0,0.0,0.0,,,,
2018.08.01,곡성군,,,,0.0,0.0,0.0,0.005,0.0,0.0,0.25,0.0,0.0,0.0,0.0,0.0,0.0,0.0,0.0,0.0,,,,
2018.08.01,광양시,,,,0.0,0.0,0.093,0.0,0.0,0.0,0.117,0.0,0.0,0.0,0.0,0.0,0.0,0.0,0.0,0.0,,,,
2018.08.01,구례군,,,,0.0,0.03,0.03,0.0,0.0,0.0,0.0,0.0,0.0,0.0,0.0,0.0,0.0,0.0,0.0,0.0,,,,
2018.08.01,나주시,,,,0.0,0.0,0.0,0.0,0.0,0.0,0.003,0.0,0.0,0.0,0.0,0.0,0.0,0.0,0.0,0.0,,,,
2018.08.01,담양군,,,,0.14,0.0,0.053,0.0,0.0,0.0,0.353,0.0,,,,,,0.023,0.0,0.0,,,,
2018.08.01,무안군,,,,0.0,0.0,0.0,0.0,0.0,0.0,0.033,0.0,,,,0.0,0.0,0.0,0.0,0.0,,,,
2018.08.01,보성군,,,,0.0,0.0,0.0,0.0,0.0,0.0,0.0,0.0,0.0,0.0,0.0,0.0,0.0,0.0,0.0,0.0,,,,
2018.08.01,순천시,,,,0.0,0.0,0.0,0.0,0.03,0.0,0.083,0.0,0.0,0.0,0.0,0.0,0.0,0.0,0.0,0.0,,,,
2018.08.01,신안군,,,,0.0,0.0,0.008,0.0,0.008,0.0,0.06,0.0,0.0,0.0,0.0,0.0,0.0,0.003,0.0,0.003,,,,
2018.08.01,여수시,,,,0.313,0.0,0.0,0.0,0.06,0.0,0.093,0.0,0.0,0.0,0.0,0.0,0.0,0.0,0.0,0.0,,,,
2018.08.01,영광군,,,,0.0,0.0,0.0,0.0,0.0,0.0,0.0,0.0,0.0,0.0,0.0,0.0,0.0,0.0,0.0,0.0,,,,
2018.08.01,영암군,,,,,0.0,,,,,,0.0,,,,,,0.0,0.0,0.0,,,,
2018.08.01,완도군,,,,0.06,0.0,0.0,0.06,0.11,0.0,0.0,0.0,,,,,,0.0,0.0,0.0,,,,
2018.08.01,장성군,,,,0.0,0.0,0.0,0.0,0.122,0.0,0.0,0.0,0.0,0.0,0.0,0.0,0.0,0.0,0.0,0.0,,,,
2018.08.01,장흥군,,,,0.052,,0.05,0.038,0.043,0.0,0.142,,,,,,,0.023,,,,,,
2018.08.01,진도군,,,,0.0,0.0,0.002,0.0,0.002,0.0,0.012,0.0,0.0,0.0,0.0,0.003,0.0,0.0,0.0,0.0,,,,
2018.08.01,함평군,,,,0.0,0.0,0.007,0.005,0.025,0.0,0.018,0.0,0.0,0.0,0.0,0.0,0.0,0.0,0.0,0.0,,,,
2018.08.01,해남군,,,,0.011,0.0,0.004,0.038,0.007,0.002,0.067,0.0,0.0,0.0,0.0,0.0,0.0,0.0,0.0,0.0,,,,
2018.08.01,화순군,,,,0.0,0.0,0.075,0.0,0.052,0.0,0.015,0.0,0.0,0.0,0.0,0.0,0.0,0.0,0.0,0.0,,,,
2018.08.16,강진군,,,,0.0,0.0,0.05,0.0,0.0,0.0,0.04,0.0,0.0,0.0,0.0,0.0,0.0,0.0,0.0,0.0,,,,
2018.08.16,고흥군,,,,0.0,0.0,0.0,0.003,0.026,0.0,0.007,0.0,0.0,0.0,0.0,0.0,0.0,0.0,0.0,0.0,,,,
2018.08.16,곡성군,,,,0.05,0.0,0.0,0.005,0.057,0.0,0.087,0.0,0.0,0.0,0.0,0.0,0.0,0.0,0.0,0.0,,,,
2018.08.16,광양시,,,,0.0,0.0,0.023,0.0,0.007,0.0,0.103,0.0,0.0,0.0,0.0,0.0,0.0,0.0,0.0,0.0,,,,
2018.08.16,구례군,,,,0.0,0.03,0.03,0.0,0.003,0.0,0.007,0.0,0.0,0.0,0.0,0.0,0.0,0.0,0.0,0.0,,,,
2018.08.16,나주시,,,,0.0,0.0,0.0,0.002,0.0,0.0,0.031,0.0,0.0,0.0,0.0,0.0,0.0,0.0,0.0,0.0,,,,
2018.08.16,담양군,,,,0.002,0.0,0.0,0.0,0.0,0.0,0.067,0.0,0.0,0.0,0.0,0.0,0.0,0.0,0.0,0.0,,,,
2018.08.16,무안군,,,,0.0,0.0,0.0,0.0,0.0,,0.04,0.0,,,,,,0.0,0.0,0.0,,,,
2018.08.16,보성군,,,,0.003,0.0,0.015,0.002,0.0,0.0,0.017,0.0,0.0,0.0,0.0,0.0,0.0,0.0,0.0,0.0,,,,
2018.08.16,순천시,,,,0.0,0.0,0.0,0.0,0.005,0.0,0.052,0.0,0.0,0.0,0.0,0.0,0.0,0.0,0.0,0.0,,,,
2018.08.16,신안군,,,,0.0,0.0,0.04,0.0,0.063,0.0,0.03,0.0,0.0,0.0,0.0,0.0,0.0,0.0,0.0,0.0,,,,
2018.08.16,여수시,,,,0.107,0.0,0.007,0.003,0.127,0.0,0.067,0.0,0.0,0.0,0.0,0.0,0.0,0.0,0.0,0.0,,,,
2018.08.16,영광군,,,,0.0,0.0,0.002,0.0,0.0,0.0,0.003,0.0,0.0,0.0,0.0,0.0,0.0,0.0,0.0,0.0,,,,
2018.08.16,영암군,,,,0.0,0.0,0.0,0.0,0.0,0.0,0.0,0.0,0.0,0.0,0.0,0.0,0.0,0.0,0.0,0.0,,,,
2018.08.16,완도군,,,,0.06,0.0,0.22,0.06,0.06,,0.17,0.0,,,,,,0.0,0.0,0.0,,,,
2018.08.16,장성군,,,,0.0,0.0,0.0,0.0,0.023,0.0,0.0,0.0,0.0,0.0,0.0,0.0,0.0,0.0,0.0,0.0,,,,
2018.08.16,장흥군,,,,0.127,,0.135,0.025,0.108,,0.143,,,,,,,,,,,,,
2018.08.16,진도군,,,,0.0,0.01,0.02,0.01,0.473,0.0,0.125,0.0,0.0,0.0,0.0,0.0,0.005,0.0,0.0,0.0,,,,
2018.08.16,함평군,,,,0.007,0.0,0.008,0.007,0.028,0.0,0.047,0.0,0.0,0.0,0.0,0.0,0.0,0.0,0.0,0.0,,,,
2018.08.16,해남군,,,,0.011,0.004,0.009,0.011,0.007,0.0,0.013,0.0,0.0,0.0,0.0,0.0,0.0,0.0,0.0,0.0,,,,
2018.08.16,화순군,,,,0.0,0.0,0.063,0.0,0.145,0.0,0.19,0.0,0.0,0.0,0.0,0.0,0.0,0.0,0.0,0.0,,,,
2018.09.01,강진군,,,,0.0,0.0,0.025,0.0,0.005,0.0,0.04,0.0,0.0,0.0,0.0,0.0,0.0,0.0,0.0,0.0,,,,
2018.09.01,고흥군,,,,0.0,0.0,0.0,0.003,0.018,0.0,0.004,0.0,0.0,0.0,0.0,0.0,0.0,0.0,0.0,0.0,,,,
2018.09.01,곡성군,,,,0.05,0.0,0.0,0.005,0.057,0.0,0.087,0.0,0.0,0.0,0.0,0.0,0.0,0.0,0.0,0.0,,,,
2018.09.01,광양시,,,,0.02,0.0,0.083,0.0,0.143,,0.15,,,,,,,0.0,0.0,0.0,,,,
2018.09.01,구례군,,,,0.007,0.03,0.03,0.0,0.0,0.0,0.02,0.0,0.0,0.0,0.0,0.0,0.0,0.0,0.0,0.0,,,,
2018.09.01,나주시,,,,0.004,0.0,0.0,0.0,0.0,0.0,0.007,0.0,0.0,0.0,0.0,0.0,0.0,0.0,0.0,0.0,,,,
2018.09.01,담양군,,,,0.025,0.0,0.0,0.0,0.0,,0.037,,,,,,,0.0,0.0,0.0,,,,
2018.09.01,무안군,,,,0.002,0.0,0.008,0.0,0.0,,0.042,,,,,,,0.0,0.0,0.0,,,,
2018.09.01,보성군,,,,0.09,0.0,0.132,0.037,0.083,0.0,0.072,0.0,0.0,0.0,0.0,0.0,0.0,0.0,0.0,0.0,,,,
2018.09.01,순천시,,,,0.0,0.0,0.0,0.0,0.015,0.0,0.03,0.0,0.0,0.0,0.0,0.0,0.0,0.0,0.0,0.0,,,,
2018.09.01,신안군,,,,0.0,0.0,0.0,0.0,0.0,0.0,1.27,0.0,0.0,0.0,0.0,0.0,0.0,0.0,0.0,0.0,,,,
2018.09.01,여수시,,,,0.077,0.0,0.0,0.007,0.06,0.0,0.07,0.0,0.0,0.0,0.0,0.0,0.0,0.0,0.0,0.0,,,,
2018.09.01,영광군,,,,0.0,0.0,0.007,0.0,0.003,0.0,0.003,0.0,0.0,0.0,0.0,0.0,0.0,0.0,0.0,0.0,,,,
2018.09.01,영암군,,,,0.0,0.0,0.0,0.0,0.0,0.0,0.0,0.0,0.0,0.0,0.0,0.0,0.0,0.0,0.0,0.0,,,,
2018.09.01,완도군,,,,0.06,0.0,0.11,0.11,0.28,,0.19,,,,,,,0.0,0.0,0.03,,,,
2018.09.01,장성군,,,,0.0,0.01,0.037,0.005,0.0,,0.047,,,,,,,0.0,0.0,0.0,,,,
2018.09.01,장흥군,,,,0.05,,0.05,0.02,0.038,,0.07,,,,,,,,,,,,,
2018.09.01,진도군,,,,0.0,0.0,0.0,0.043,0.065,0.0,0.165,0.0,0.0,0.0,0.0,0.0,0.0,0.0,0.0,0.0,,,,
2018.09.01,함평군,,,,0.028,0.0,0.015,0.007,0.068,0.0,0.067,0.0,0.0,0.0,0.0,0.0,0.0,0.0,0.0,0.0,,,,
2018.09.01,해남군,,,,0.011,0.004,0.004,0.013,0.011,0.0,0.03,0.0,0.0,0.0,0.0,0.0,0.0,0.0,0.0,0.0,,,,
2018.09.01,화순군,,,,0.0,0.012,0.095,0.005,0.255,0.0,0.268,0.0,0.0,0.0,0.0,0.0,0.0,0.0,0.0,0.0,,,,
2018.09.16,강진군,,,,0.0,0.0,0.0,0.0,0.01,0.0,0.047,0.0,0.0,0.0,0.0,0.0,0.0,0.0,0.0,0.0,,,,
2018.09.16,고흥군,,,,0.0,0.0,0.0,0.002,0.014,0.0,0.003,0.0,0.0,0.0,0.0,0.0,0.0,0.0,0.0,0.0,,,,
2018.09.16,곡성군,,,,0.067,0.0,0.0,0.007,0.057,0.0,0.087,0.0,0.0,0.0,0.0,0.0,0.0,0.0,0.0,0.0,,,,
2018.09.16,광양시,,,,0.04,0.0,0.02,0.0,0.06,,0.16,,,,,,,0.0,0.0,0.0,,,,
2018.09.16,구례군,,,,0.007,0.037,0.03,0.0,0.0,0.0,0.027,0.0,0.0,0.0,0.0,0.0,0.0,0.0,0.0,0.0,,,,
2018.09.16,나주시,,,,0.002,0.0,0.0,0.0,0.0,0.0,0.013,0.0,0.0,0.0,0.0,0.0,0.0,0.0,0.0,0.0,,,,
2018.09.16,담양군,,,,0.022,0.0,0.0,0.0,0.0,,0.107,,,,,,,0.0,0.0,0.0,,,,
2018.09.16,무안군,,,,0.002,0.0,0.007,0.0,0.0,0.0,0.027,,,,,,,0.0,0.0,0.0,,,,
2018.09.16,보성군,,,,0.093,0.0,0.002,0.0,0.093,,0.077,,,,,,,0.0,0.0,0.0,,,,
2018.09.16,순천시,,,,0.0,0.0,0.0,0.0,0.0,0.0,0.055,0.0,0.0,0.0,0.0,0.0,0.0,0.0,0.0,0.0,,,,
2018.09.16,신안군,,,,0.0,0.0,0.0,0.158,1.27,0.0,0.16,0.0,0.0,0.0,0.0,0.0,0.0,0.0,0.0,0.0,,,,
2018.09.16,여수시,,,,0.07,0.0,0.0,0.003,0.037,0.0,0.037,0.0,0.0,0.0,0.0,0.0,0.0,0.0,0.0,0.0,,,,
2018.09.16,영광군,,,,0.003,0.0,0.007,0.0,0.005,0.0,0.013,0.0,0.0,0.0,0.0,0.0,0.0,0.0,0.0,0.0,,,,
2018.09.16,영암군,,,,0.0,0.0,0.0,0.0,0.0,0.0,0.0,0.0,0.0,0.0,0.0,0.0,0.0,0.0,0.0,0.0,,,,
2018.09.16,완도군,,,,0.06,0.0,0.22,0.11,0.17,,0.25,,,,,,,0.04,0.0,0.0,,,,
2018.09.16,장성군,,,,0.0,0.01,0.037,0.0,0.0,0.0,0.047,0.0,0.0,0.0,0.0,0.0,0.0,0.0,0.0,0.0,,,,
2018.09.16,장흥군,,,,0.163,,,0.02,0.298,,0.07,,,,,,,,,,,,,
2018.09.16,진도군,,,,0.0,0.0,0.0,0.035,0.065,0.0,0.052,0.0,0.0,0.0,0.0,0.0,0.0,0.0,0.0,0.0,,,,
2018.09.16,함평군,,,,0.058,0.0,0.008,0.002,0.05,0.0,0.077,0.0,0.0,0.0,0.0,0.0,0.0,0.0,0.0,0.0,,,,
2018.09.16,해남군,,,,0.013,0.004,0.0,0.009,0.007,0.0,0.037,0.0,0.0,0.0,0.0,0.0,0.0,0.0,0.0,0.0,,,,
2018.09.16,화순군,,,,0.0,0.063,0.088,0.0,0.188,0.0,0.407,0.0,0.0,0.0,0.0,0.0,0.0,0.0,0.0,0.0,,,,
2019.06.01,강진군,,,,0.0,0.0,0.0,0.0,0.0,0.0,0.0,0.0,0.0,0.0,0.0,0.0,0.0,0.0,0.0,0.0,,,,
2019.06.01,고흥군,,,,0.0,0.0,0.0,0.0,0.0,0.0,0.0,0.0,0.0,0.0,0.0,0.0,0.0,0.0,0.0,0.0,,,,
2019.06.01,곡성군,,,,0.0,0.0,0.0,0.0,0.0,0.0,0.0,0.0,0.0,0.0,0.0,0.0,0.0,0.0,0.0,0.0,,,,
2019.06.01,광양시,,,,,,,,0.0,,,,0.0,0.0,0.0,,,0.0,,,,,,
2019.06.01,구례군,,,,0.0,0.0,0.0,0.0,0.0,0.0,0.0,0.0,0.0,0.0,0.0,0.0,0.0,0.0,0.0,0.0,,,,
2019.06.01,나주시,,,,0.0,0.0,0.0,0.0,0.0,0.0,0.0,0.0,0.0,0.0,0.0,0.0,0.0,0.0,0.0,0.0,,,,
2019.06.01,담양군,,,,,,,,0.0,,,,0.0,0.0,0.0,,,0.0,,,,,,
2019.06.01,무안군,,,,,,,,0.0,,,,0.0,0.0,0.0,,,0.0,,,,,,
2019.06.01,보성군,,,,0.0,0.0,0.0,0.0,0.0,0.0,0.0,0.0,0.0,0.0,0.0,0.0,0.0,0.0,0.0,0.0,,,,
2019.06.01,순천시,,,,0.0,0.0,0.0,0.0,0.0,0.0,0.0,0.0,0.0,0.0,0.0,0.0,0.0,0.0,0.0,0.0,,,,
2019.06.01,신안군,,,,0.0,0.0,0.0,0.0,0.0,0.0,0.0,0.0,0.0,0.0,0.0,0.0,0.0,0.0,0.0,0.0,,,,
2019.06.01,여수시,,,,0.0,0.0,0.0,0.0,0.0,0.0,0.0,0.0,0.0,0.0,0.0,0.0,0.0,0.0,0.0,0.0,,,,
2019.06.01,영광군,,,,0.0,0.0,0.0,0.0,0.0,0.0,0.0,0.0,0.0,0.0,0.0,0.0,0.0,0.0,0.0,0.0,,,,
2019.06.01,영암군,,,,0.0,0.0,0.0,0.0,0.0,0.0,0.0,0.0,0.0,0.0,0.0,0.0,0.0,0.0,0.0,0.0,,,,
2019.06.01,완도군,,,,0.0,0.0,0.0,0.0,0.0,0.0,0.0,0.0,0.0,0.0,0.0,0.0,0.0,0.0,0.0,0.0,,,,
2019.06.01,장성군,,,,0.0,0.0,0.0,0.0,0.0,0.0,0.0,0.0,0.0,0.0,0.0,0.0,0.0,0.0,0.0,0.0,,,,
2019.06.01,장흥군,,,,0.0,0.0,0.0,0.0,0.0,0.0,0.0,0.0,0.0,0.0,0.0,0.0,0.0,0.025,0.0,0.0,,,,
2019.06.01,진도군,,,,0.0,0.0,0.0,0.0,0.0,0.0,0.0,0.0,0.0,0.0,0.0,0.0,0.0,0.0,0.0,0.0,,,,
2019.06.01,함평군,,,,0.0,0.0,0.0,0.0,0.0,0.0,0.0,0.0,0.0,0.0,0.0,0.0,0.0,0.0,0.0,0.0,,,,
2019.06.01,해남군,,,,0.0,0.0,0.0,0.0,0.0,0.0,0.0,0.0,0.0,0.0,0.0,0.0,0.0,0.0,0.0,0.0,,,,
2019.06.01,화순군,,,,0.0,0.0,0.0,0.0,0.0,0.0,0.0,0.0,0.0,0.0,0.0,0.0,0.0,0.0,0.0,0.0,,,,
2019.06.16,강진군,,,,,,,0.0,0.0,0.0,0.0,0.0,0.0,0.0,0.0,0.0,0.0,0.0,0.0,0.0,,,,
2019.06.16,고흥군,,,,0.0,0.0,0.0,0.0,0.0,0.0,0.0,0.0,0.0,0.0,0.0,0.0,0.0,0.0,0.0,0.0,,,,
2019.06.16,곡성군,,,,0.0,0.0,0.0,0.0,0.0,0.0,0.0,0.0,0.0,0.0,0.0,0.0,0.0,0.004,0.0,0.0,,,,
2019.06.16,광양시,,,,0.0,0.0,0.0,0.0,0.0,0.0,0.0,0.0,0.0,0.0,0.0,0.0,0.0,0.0,0.0,0.0,,,,
2019.06.16,구례군,,,,0.0,0.0,0.0,0.0,0.0,0.0,0.0,0.0,0.0,0.0,0.0,0.0,0.0,0.0,0.0,0.0,,,,
2019.06.16,나주시,,,,0.0,0.0,0.0,0.0,0.0,0.0,0.0,0.0,0.0,0.0,0.0,0.0,0.0,0.002,0.0,0.0,,,,
2019.06.16,담양군,,,,,,,0.0,0.0,0.0,0.0,0.0,0.0,0.0,0.0,0.0,0.0,0.0,0.0,0.0,,,,
2019.06.16,무안군,,,,,,,0.0,0.0,0.0,0.0,0.0,0.0,0.0,0.0,0.0,0.0,0.002,0.0,0.0,,,,
2019.06.16,보성군,,,,0.0,0.0,0.0,0.0,0.0,0.0,0.0,0.0,0.0,0.0,0.0,0.0,0.0,0.0,0.0,0.0,,,,
2019.06.16,순천시,,,,0.0,0.0,0.0,0.0,0.014,0.0,0.0,0.0,0.0,0.0,0.0,0.0,0.0,0.0,0.0,0.0,,,,
2019.06.16,신안군,,,,0.0,0.0,0.0,0.0,0.033,0.0,0.0,0.0,0.0,0.0,0.0,0.0,0.0,0.021,0.0,0.0,,,,
2019.06.16,여수시,,,,0.0,0.0,0.0,0.0,0.0,0.0,0.0,0.0,0.0,0.0,0.0,0.0,0.0,0.018,0.0,0.0,,,,
2019.06.16,영광군,,,,0.0,0.0,0.0,0.0,0.0,0.0,0.0,0.0,0.0,0.0,0.0,0.0,0.0,0.0,0.0,0.0,,,,
2019.06.16,영암군,,,,,,0.0,0.0,0.0,0.0,0.0,0.0,0.0,0.0,0.0,0.0,0.0,0.001,0.0,0.0,,,,
2019.06.16,완도군,,,,,,,0.0,3.788,0.0,0.0,0.067,0.0,0.0,0.455,0.0,0.0,5.576,0.0,0.0,,,,
2019.06.16,장성군,,,,0.0,0.0,0.0,0.0,0.0,0.0,0.0,0.0,0.0,0.0,0.0,0.0,0.0,0.0,0.0,0.0,,,,
2019.06.16,장흥군,,,,0.0,0.0,0.0,0.0,0.0,0.0,0.0,0.0,0.0,0.0,0.0,0.0,0.0,0.064,0.0,0.0,,,,
2019.06.16,진도군,,,,0.0,0.0,0.0,0.0,0.0,0.0,0.0,0.0,0.0,0.026,0.0,0.0,0.0,0.017,0.0,0.0,,,,
2019.06.16,함평군,,,,0.0,0.0,0.0,0.0,0.0,0.0,0.0,0.0,0.0,0.0,0.0,0.0,0.0,0.0,0.0,0.0,,,,
2019.06.16,해남군,,,,0.0,0.0,0.0,0.0,0.0,0.0,0.0,0.0,0.0,0.0,0.0,0.0,0.0,0.0,0.0,0.0,,,,
2019.06.16,화순군,,,,,,,0.0,0.0,0.0,0.0,0.0,0.0,0.0,0.0,0.0,0.0,0.094,0.0,0.0,,,,
2019.07.01,강진군,,,,0.0,0.0,0.0,0.0,0.0,0.0,0.0,0.0,0.0,0.0,0.0,0.0,0.0,0.0,0.0,0.0,,,,
2019.07.01,고흥군,,,,0.0,0.0,0.0,0.0,0.028,0.0,0.0,0.0,0.0,0.0,0.0,0.0,0.0,0.012,0.0,0.0,,,,
2019.07.01,곡성군,,,,0.008,0.0,0.0,0.0,0.128,0.0,0.0,0.0,0.0,0.008,0.03,0.0,0.0,0.005,0.0,0.0,,,,
2019.07.01,광양시,,,,0.0,0.0,0.0,0.0,0.005,0.0,0.0,0.0,0.0,0.0,0.0,0.0,0.0,0.002,0.0,0.0,,,,
2019.07.01,구례군,,,,0.0,0.0,0.0,0.0,0.0,0.0,0.0,0.0,0.0,0.0,0.0,0.0,0.0,0.0,0.0,0.0,,,,
2019.07.01,나주시,,,,0.0,0.0,0.0,0.0,0.0,0.0,0.0,0.0,0.0,0.0,0.0,0.0,0.0,0.004,0.0,0.0,,,,
2019.07.01,담양군,,,,,0.0,0.0,0.0,0.046,0.0,0.0,0.0,0.0,0.0,0.139,0.0,0.0,0.314,0.0,0.0,,,,
2019.07.01,무안군,,,,,0.0,0.0,0.0,0.004,0.0,0.0,0.0,0.0,0.0,0.0,0.0,0.0,0.001,0.0,0.0,,,,
2019.07.01,보성군,,,,0.0,0.0,0.0,0.0,0.008,0.0,0.0,0.0,0.0,0.0,0.0,0.0,0.0,0.009,0.0,0.0,,,,
2019.07.01,순천시,,,,0.0,0.0,0.0,0.0,0.111,0.0,0.0,0.0,0.0,0.0,0.0,0.0,0.0,0.03,0.0,0.0,,,,
2019.07.01,신안군,,,,0.0,0.0,0.0,0.0,0.013,0.0,0.0,0.0,0.0,0.0,0.0,0.0,0.0,0.002,0.0,0.0,,,,
2019.07.01,여수시,,,,0.0,0.0,0.0,0.0,0.417,0.0,0.0,0.0,0.0,0.0,0.0,0.0,0.0,0.027,0.0,0.0,,,,
2019.07.01,영광군,,,,0.0,0.0,0.0,0.0,0.003,0.0,0.0,0.0,0.0,0.0,0.0,0.0,0.0,0.003,0.0,0.0,,,,
2019.07.01,영암군,,,,,,0.0,,0.007,0.0,0.0,0.0,0.0,,0.0,0.009,,0.006,,,,,,
2019.07.01,완도군,,,,0.0,0.0,0.0,0.0,7.576,0.0,0.0,0.067,0.0,0.0,0.606,0.0,0.0,1.285,0.0,0.0,,,,
2019.07.01,장성군,,,,0.0,0.0,0.0,0.0,0.0,0.0,0.0,0.0,0.0,0.0,0.0,0.0,0.0,0.0,0.0,0.0,,,,
2019.07.01,장흥군,,,,0.0,0.0,0.0,0.0,0.04,0.0,0.0,0.0,0.0,0.0,0.0,0.0,0.0,0.014,0.0,0.0,,,,
2019.07.01,진도군,,,,0.0,0.0,0.099,0.0,0.039,0.0,0.0,0.0,0.0,0.013,0.039,0.308,0.0,0.033,0.0,0.0,,,,
2019.07.01,함평군,,,,0.0,0.0,0.0,0.0,0.006,0.0,0.0,0.0,0.0,0.0,0.0,0.0,0.0,0.006,0.0,0.0,,,,
2019.07.01,해남군,,,,0.0,0.0,0.0,0.0,0.001,0.0,0.0,0.0,0.0,0.0,0.0,0.0,0.0,0.0,0.0,0.0,,,,
2019.07.01,화순군,,,,0.0,0.0,0.0,0.0,0.0,0.0,0.0,0.0,0.0,0.0,0.0,0.0,0.0,0.0,0.0,0.0,,,,
2019.07.16,강진군,,,,0.0,0.0,0.0,0.0,0.044,0.0,0.0,0.0,0.0,0.0,0.0,0.0,0.0,0.0,0.0,0.0,,,,
2019.07.16,고흥군,,,,0.0,0.0,0.0,0.0,0.0,0.0,0.0,0.0,0.0,0.0,0.0,0.0,0.0,0.0,0.0,0.0,,,,
2019.07.16,곡성군,,,,0.001,0.0,0.0,0.03,0.0,0.0,0.0,0.0,0.0,0.0,0.03,0.0,0.0,0.0,0.0,0.0,,,,
2019.07.16,광양시,,,,0.0,0.0,0.0,0.0,0.002,0.0,0.0,0.0,0.0,0.0,0.0,0.0,0.0,0.0,0.0,0.0,,,,
2019.07.16,구례군,,,,0.0,0.0,0.0,0.0,0.0,0.0,0.0,0.0,0.0,0.0,0.0,0.0,0.0,0.004,0.0,0.0,,,,
2019.07.16,나주시,,,,0.0,0.0,0.0,0.0,0.011,0.0,0.0,0.0,0.0,0.0,0.0,0.0,0.0,0.0,0.0,0.0,,,,
2019.07.16,담양군,,,,0.046,0.0,0.0,0.0,0.0,0.0,0.0,0.0,0.005,0.046,0.185,0.0,0.0,0.089,0.0,0.0,,,,
2019.07.16,무안군,,,,0.0,0.0,0.0,0.0,0.003,0.0,0.005,0.0,0.0,0.0,0.0,0.0,0.0,0.0,0.0,0.0,,,,
2019.07.16,보성군,,,,0.0,0.0,0.0,0.0,0.044,0.0,0.001,0.0,0.0,0.0,0.0,0.0,0.0,0.0,0.0,0.0,,,,
2019.07.16,순천시,,,,0.0,0.0,0.0,0.0,0.014,0.0,0.014,0.0,0.0,0.0,0.0,0.0,0.0,0.0,0.0,0.0,,,,
2019.07.16,신안군,,,,0.0,0.0,0.026,0.0,0.017,0.0,0.0,0.0,0.0,0.0,0.0,0.0,0.0,0.0,0.0,0.0,,,,
2019.07.16,여수시,,,,0.0,0.0,0.0,0.0,0.222,0.0,0.0,0.0,0.0,0.0,0.0,0.0,0.0,0.0,0.0,0.014,,,,
2019.07.16,영광군,,,,0.0,0.0,0.0,0.0,0.061,0.0,0.0,0.0,0.0,0.0,0.0,0.001,0.0,0.0,0.0,0.0,,,,
2019.07.16,영암군,,,,,0.0,0.007,0.001,0.002,,,,,,,,,0.0,0.0,0.0,,,,
2019.07.16,완도군,,,,0.0,0.0,0.303,0.0,10.152,0.0,0.0,0.0,0.0,0.0,0.606,0.0,0.0,0.642,0.0,0.0,,,,
2019.07.16,장성군,,,,0.0,0.0,0.0,0.0,0.075,0.0,0.0,0.0,0.0,0.0,0.0,0.0,0.0,0.043,0.0,0.0,,,,
2019.07.16,장흥군,,,,0.0,0.0,0.0,0.02,0.079,0.0,0.006,0.0,0.0,0.0,0.0,0.0,0.0,0.0,0.0,0.0,,,,
2019.07.16,진도군,,,,0.0,0.0,0.172,0.0,0.003,0.0,0.0,0.0,0.0,0.0,0.005,0.193,0.0,0.0,0.0,0.0,,,,
2019.07.16,함평군,,,,0.0,0.0,0.0,0.0,0.004,0.0,0.004,0.0,0.0,0.0,0.0,0.0,0.0,0.0,0.0,0.0,,,,
2019.07.16,해남군,,,,0.0,0.0,0.0,0.0,0.001,0.0,0.0,0.0,0.0,0.0,0.0,0.0,0.0,0.0,0.0,0.0,,,,
2019.07.16,화순군,,,,0.0,0.0,0.0,0.0,0.074,0.0,0.147,0.0,0.0,0.0,0.0,0.0,0.0,0.0,0.0,0.0,,,,
2019.08.01,강진군,,,,0.0,0.0,0.0,0.004,0.001,0.0,0.001,0.0,0.0,0.0,0.0,0.0,0.0,0.0,0.0,0.0,,,,
2019.08.01,고흥군,,,,0.0,0.0,0.0,0.008,0.001,0.0,0.0,0.0,0.0,0.0,0.0,0.0,0.0,0.0,0.0,0.0,,,,
2019.08.01,곡성군,,,,0.375,0.0,0.045,0.011,0.083,0.008,0.246,0.0,0.0,0.0,0.0,0.0,0.0,0.0,0.0,0.0,,,,
2019.08.01,광양시,,,,0.0,0.0,0.005,0.0,0.0,0.0,0.05,0.0,0.0,0.0,0.0,0.0,0.0,0.003,0.0,0.0,,,,
2019.08.01,구례군,,,,0.0,0.0,0.0,0.0,0.0,0.0,0.0,0.0,0.0,0.0,0.0,0.0,0.0,0.004,0.0,0.0,,,,
2019.08.01,나주시,,,,0.0,0.0,0.011,0.006,0.0,0.003,0.06,0.0,0.0,0.0,0.0,0.0,0.0,0.001,0.0,0.0,,,,
2019.08.01,담양군,,,,0.37,0.0,0.0,0.005,0.0,0.0,0.243,0.01,,,,,,0.03,0.0,0.0,,,,
2019.08.01,무안군,,,,0.0,0.0,0.0,0.003,0.003,0.0,0.007,0.0,,,,,,0.0,0.0,0.0,,,,
2019.08.01,보성군,,,,0.0,0.0,0.005,0.002,0.0,0.0,0.004,0.0,0.0,0.0,0.0,0.0,0.0,0.0,0.0,0.0,,,,
2019.08.01,순천시,,,,0.37,0.093,0.093,0.023,0.0,0.0,0.116,0.0,0.0,0.0,0.0,0.0,0.0,0.0,0.0,0.0,,,,
2019.08.01,신안군,,,,0.003,0.0,0.118,0.02,0.017,0.0,0.059,0.0,0.0,0.003,0.0,0.0,0.007,0.0,0.0,0.0,,,,
2019.08.01,여수시,,,,0.139,0.0,0.0,0.028,0.083,0.0,0.833,0.0,0.0,0.0,0.0,0.0,0.0,0.0,0.0,0.0,,,,
2019.08.01,영광군,,,,0.0,0.0,0.0,0.0,0.0,0.0,0.025,0.0,0.0,0.0,0.0,0.0,0.0,0.0,0.0,0.0,,,,
2019.08.01,영암군,,,,0.0,0.003,0.017,0.005,0.007,0.002,0.028,0.0,,,,,,0.0,0.0,0.0,,,,
2019.08.01,완도군,,,,0.0,0.303,1.212,0.303,16.212,0.0,0.0,0.0,0.0,0.0,0.606,0.0,0.0,0.642,0.0,0.0,,,,
2019.08.01,장성군,,,,0.008,0.0,0.0,0.0,0.133,0.0,0.125,0.0,0.0,0.0,0.0,0.0,0.0,0.021,0.0,0.0,,,,
2019.08.01,장흥군,,,,0.0,0.0,0.0,0.008,0.0,0.0,0.048,0.0,0.0,0.0,0.0,0.0,0.0,0.0,0.0,0.0,,,,
2019.08.01,진도군,,,,0.0,0.0,0.021,0.0,0.104,0.001,0.0,0.0,0.0,0.0,0.0,0.005,0.011,0.002,0.0,0.0,,,,
2019.08.01,함평군,,,,0.0,0.0,0.014,0.006,0.007,0.0,0.037,0.0,0.0,0.0,0.0,0.0,0.0,0.0,0.0,0.0,,,,
2019.08.01,해남군,,,,0.0,0.0,0.002,0.004,0.001,0.0,0.001,0.0,0.0,0.0,0.0,0.0,0.0,0.0,0.0,0.0,,,,
2019.08.01,화순군,,,,0.0,0.0,0.539,0.005,0.0,0.0,0.184,0.0,0.0,0.0,0.0,0.0,0.0,0.0,0.0,0.0,,,,
2019.08.16,강진군,,,,0.0,0.0,0.044,0.0,0.0,0.0,0.033,0.0,0.0,0.0,0.0,0.0,0.0,0.0,0.0,0.0,,,,
2019.08.16,고흥군,,,,0.0,0.0,0.001,0.003,0.0,0.0,0.0,0.0,0.0,0.0,0.0,0.0,0.0,0.0,0.0,0.0,,,,
2019.08.16,광양시,,,,0.0,0.0,0.005,0.0,0.0,0.0,0.004,0.0,0.0,0.0,0.0,0.0,0.0,0.002,0.0,0.0,,,,
2019.08.16,구례군,,,,0.0,0.0,0.0,0.05,0.0,0.0,0.0,0.004,0.0,0.0,0.0,0.0,0.0,0.011,0.0,0.0,,,,
2019.08.16,무안군,,,,0.0,0.0,0.0,0.0,0.003,,0.009,0.0,,,,,,0.0,0.0,0.0,,,,
2019.08.16,보성군,,,,0.0,0.0,0.013,0.0,0.0,0.0,0.004,0.0,0.0,0.0,0.0,0.0,0.0,0.0,0.0,0.0,,,,
2019.08.16,순천시,,,,0.926,0.093,0.0,0.046,0.0,0.0,0.556,0.0,0.0,0.0,0.0,0.0,0.0,0.0,0.0,0.0,,,,
2019.08.16,신안군,,,,0.01,0.0,0.197,0.049,0.043,0.0,0.128,0.0,0.0,0.0,0.0,0.0,0.0,0.0,0.0,0.0,,,,
2019.08.16,여수시,,,,0.278,0.0,0.0,0.028,0.083,0.0,0.458,0.0,0.0,0.0,0.0,0.0,0.0,0.0,0.056,0.0,,,,
2019.08.16,영광군,,,,0.0,0.0,0.019,0.039,0.026,0.0,0.068,0.0,0.0,0.0,0.0,0.0,0.0,0.0,0.0,0.0,,,,
2019.08.16,완도군,,,,0.0,1.818,4.242,0.0,23.939,0.0,2.652,0.0,0.0,0.0,0.606,0.0,0.0,0.642,0.0,0.0,,,,
2019.08.16,장흥군,,,,0.008,0.0,0.016,0.02,0.0,0.0,0.077,0.0,0.0,0.0,0.0,0.0,0.0,0.0,0.0,0.0,,,,
2019.08.16,진도군,,,,0.0,0.026,0.032,0.013,0.586,0.0,0.098,0.0,0.0,0.0,0.0,0.01,0.018,0.0,0.0,0.0,,,,
2019.08.16,함평군,,,,0.001,0.0,0.012,0.007,0.016,0.0,0.007,0.0,0.0,0.0,0.0,0.0,0.0,0.0,0.0,0.0,,,,
2019.08.16,해남군,,,,0.0,0.0,0.0,0.0,0.0,0.0,0.002,0.0,0.0,0.0,0.0,0.0,0.0,0.0,0.0,0.0,,,,
2019.08.16,화순군,,,,0.0,0.0,0.637,0.098,0.074,0.0,0.478,0.0,0.0,0.0,0.0,0.0,0.0,0.0,0.0,0.0,,,,
2019.09.01,강진군,,,,0.017,0.0,0.032,0.0,0.022,0.0,0.164,0.0,0.0,0.0,0.0,0.0,0.0,0.0,0.0,0.0,,,,
2019.09.01,고흥군,,,,0.0,0.0,0.001,0.001,0.0,0.0,0.0,0.0,0.0,0.0,0.0,0.0,0.0,0.0,0.0,0.0,,,,
2019.09.01,곡성군,,,,0.0,0.0,0.0,0.0,0.0,0.0,0.0,0.0,0.0,0.0,0.0,0.0,0.0,0.0,0.0,0.0,,,,
2019.09.01,광양시,,,,0.0,0.0,0.01,0.0,0.0,0.0,0.007,0.0,0.0,0.0,0.0,0.0,0.0,0.0,0.0,0.0,,,,
2019.09.01,구례군,,,,0.0,0.0,0.0,0.039,0.0,0.0,0.017,0.0,0.0,0.0,0.0,0.0,0.0,0.007,0.0,0.0,,,,
2019.09.01,나주시,,,,0.0,0.0,0.0,0.0,0.0,0.0,0.035,0.0,0.0,0.0,0.0,0.0,0.0,0.0,0.0,0.0,,,,
2019.09.01,담양군,,,,0.0,0.0,0.0,0.0,0.0,,0.394,,,,,,,0.0,0.0,0.0,,,,
2019.09.01,무안군,,,,0.005,0.0,0.0,0.001,0.008,,0.027,,,,,,,0.0,0.0,0.0,,,,
2019.09.01,보성군,,,,0.001,0.0,0.0,0.0,0.0,0.0,0.002,0.0,0.0,0.0,0.0,0.0,0.0,0.0,0.0,0.0,,,,
2019.09.01,순천시,,,,0.046,0.093,0.093,0.0,0.093,0.0,0.347,0.0,0.0,0.0,0.0,0.0,0.0,0.0,0.0,0.0,,,,
2019.09.01,신안군,,,,0.017,0.0,0.046,0.023,0.046,0.0,0.069,0.0,0.0,0.0,0.0,0.0,0.0,0.0,0.0,0.0,,,,
2019.09.01,여수시,,,,0.278,0.0,0.0,0.0,0.361,0.0,0.625,0.0,0.0,0.0,0.0,0.0,0.0,0.0,0.0,0.0,,,,
2019.09.01,영광군,,,,0.008,0.0,0.004,0.013,0.009,0.0,0.106,0.0,0.0,0.0,0.0,0.0,0.0,0.0,0.0,0.0,,,,
2019.09.01,영암군,,,,0.0,0.0,0.023,0.011,0.035,,0.226,,,,,,,0.0,0.0,0.0,,,,
2019.09.01,완도군,,,,0.152,1.818,4.242,1.061,9.091,0.0,3.182,0.0,0.0,0.0,0.0,0.0,0.0,0.642,0.0,0.0,,,,
2019.09.01,장성군,,,,0.033,0.0,0.233,0.017,0.042,0.0,0.2,0.0,0.0,0.0,0.0,0.0,0.0,0.0,0.0,0.004,,,,
2019.09.01,장흥군,,,,0.002,0.0,0.0,0.044,0.0,0.0,0.071,0.0,0.0,0.0,0.0,0.0,0.0,0.0,0.0,0.0,,,,
2019.09.01,진도군,,,,0.052,0.031,0.068,0.039,0.76,0.0,0.176,0.0,0.0,0.0,0.0,0.0,0.0,0.0,0.003,0.0,,,,
2019.09.01,함평군,,,,0.044,0.0,0.001,0.001,0.01,0.0,0.104,0.0,0.0,0.0,0.0,0.0,0.0,0.0,0.0,0.0,,,,
2019.09.01,해남군,,,,0.0,0.0,0.0,0.001,0.0,0.0,0.004,0.0,0.0,0.0,0.0,0.0,0.0,0.0,0.0,0.0,,,,
2019.09.01,화순군,,,,0.074,0.0,0.784,0.074,0.0,0.0,0.404,0.0,0.0,0.0,0.0,0.0,0.0,0.0,0.0,0.0,,,,
2019.09.16,강진군,,,,0.004,0.053,0.009,0.0,0.0,0.0,0.013,0.0,0.0,0.0,0.0,0.0,0.0,0.0,0.0,0.0,,,,
2019.09.16,고흥군,,,,0.0,0.0,0.001,0.0,0.0,0.0,0.0,0.0,0.0,0.0,0.0,0.0,0.0,0.0,0.0,0.0,,,,
2019.09.16,곡성군,,,,0.083,0.0,0.0,0.098,0.158,0.0,1.577,0.0,0.0,0.0,0.0,0.0,0.0,0.0,0.0,0.0,,,,
2019.09.16,광양시,,,,0.0,0.0,0.0,0.0,0.0,0.0,0.05,0.0,0.0,0.0,0.0,0.0,0.0,0.0,0.0,0.0,,,,
2019.09.16,구례군,,,,0.0,0.0,0.0,0.039,0.0,0.0,0.017,0.0,0.0,0.0,0.0,0.0,0.0,0.007,0.0,0.0,,,,
2019.09.16,나주시,,,,0.0,0.0,0.0,0.0,0.0,0.0,0.014,0.0,0.0,0.0,0.0,0.0,0.0,0.0,0.0,0.0,,,,
2019.09.16,담양군,,,,0.0,0.0,0.0,0.0,0.0,,0.417,,,,,,,0.0,0.0,0.0,,,,
2019.09.16,무안군,,,,0.013,0.0,0.0,0.002,0.016,,0.051,,,,,,,0.0,0.0,0.0,,,,
2019.09.16,보성군,,,,0.059,0.0,0.111,0.032,0.068,0.0,0.103,0.0,0.0,0.0,0.0,0.0,0.0,0.0,0.0,0.0,,,,
2019.09.16,순천시,,,,0.463,0.463,0.0,0.0,0.232,0.0,0.556,0.0,0.0,0.0,0.0,0.0,0.0,0.0,0.0,0.0,,,,
2019.09.16,여수시,,,,1.111,0.0,0.0,0.056,0.139,0.0,0.333,0.0,0.0,0.0,0.0,0.0,0.0,0.0,0.0,0.0,,,,
2019.09.16,영광군,,,,0.04,0.0,0.005,0.001,0.008,0.0,0.1,0.0,0.0,0.0,0.0,0.0,0.0,0.0,0.0,0.0,,,,
2019.09.16,영암군,,,,0.0,0.004,0.002,0.0,0.013,,0.014,,,,,,,0.0,0.0,0.0,,,,
2019.09.16,완도군,,,,0.303,2.727,5.152,1.061,10.303,0.0,3.788,0.0,0.0,0.0,0.0,0.0,0.0,0.642,0.0,0.0,,,,
2019.09.16,장성군,,,,0.05,0.0,0.133,0.008,0.017,0.0,0.15,0.0,0.0,0.0,0.0,0.0,0.0,0.0,0.0,0.0,,,,
2019.09.16,장흥군,,,,0.002,0.0,0.0,0.0,0.008,0.0,0.05,0.0,0.0,0.0,0.0,0.0,0.0,0.0,0.0,0.0,,,,
2019.09.16,진도군,,,,0.026,0.156,0.078,0.0,0.026,0.0,0.156,0.0,0.0,0.0,0.0,0.026,0.0,0.0,0.0,0.0,,,,
2019.09.16,함평군,,,,0.066,,,,0.013,,0.019,,,,,,,,,,,,,
2019.09.16,해남군,,,,0.0,0.0,0.0,0.0,0.0,0.0,0.005,0.0,0.0,0.0,0.0,0.0,0.0,0.0,0.0,0.0,,,,
2019.09.16,화순군,,,,0.0,0.0,0.0,0.0,0.0,0.0,0.0,0.0,0.0,0.0,0.0,0.0,0.0,0.0,0.0,0.0,,,,
2020.06.01,강진군,,,,0.0,0.0,0.0,0.0,0.0,0.0,0.0,0.0,0.0,0.0,0.0,0.0,0.0,0.0,0.0,0.0,,,,
2020.06.01,고흥군,,,,0.0,0.0,0.0,0.0,0.0,0.0,0.0,0.0,0.0,0.0,0.0,0.0,0.0,0.0,0.0,0.0,,,,
2020.06.01,광양시,,,,0.0,0.0,0.0,0.0,0.0,0.0,0.0,0.0,0.0,0.0,0.0,0.0,0.0,0.0,0.0,0.0,,,,
2020.06.01,구례군,,,,0.0,0.0,0.0,0.0,0.0,0.0,0.0,0.0,0.0,0.0,0.0,0.0,0.0,0.0,0.0,0.0,,,,
2020.06.01,나주시,,,,0.0,0.0,0.0,0.0,0.0,0.0,0.0,0.0,0.0,0.0,0.0,0.0,0.0,0.0,0.0,0.0,,,,
2020.06.01,담양군,,,,0.0,0.0,0.0,0.0,0.0,0.0,0.0,0.0,0.0,0.0,0.0,0.0,0.0,0.0,0.0,0.0,,,,
2020.06.01,무안군,,,,,,,,0.0,,,,0.0,0.0,0.0,,,0.0,,,,,,
2020.06.01,보성군,,,,0.0,0.0,0.0,0.0,0.0,0.0,0.0,0.0,0.0,0.0,0.0,0.0,0.0,0.0,0.0,0.0,,,,
2020.06.01,순천시,,,,0.0,0.0,0.0,0.0,0.0,0.0,0.0,0.0,0.0,0.0,0.0,0.0,0.0,0.0,0.0,0.0,,,,
2020.06.01,신안군,,,,,,,,0.0,,,,0.0,0.0,0.0,,,0.0,,,,,,
2020.06.01,여수시,,,,0.0,0.0,0.0,0.0,0.0,0.0,0.0,0.0,0.0,0.0,0.0,0.0,0.0,0.0,0.0,0.0,,,,
2020.06.01,영광군,,,,0.0,0.0,0.0,0.0,0.0,0.0,0.0,0.0,0.0,0.0,0.0,0.0,0.0,0.0,0.0,0.0,,,,
2020.06.01,영암군,,,,0.0,0.0,0.0,0.0,0.0,0.0,0.0,0.0,0.0,0.0,0.0,0.0,0.0,0.0,0.0,0.0,,,,
2020.06.01,완도군,,,,,,,,0.0,,,,0.0,0.0,0.0,,,0.0,,,,,,
2020.06.01,장성군,,,,0.0,0.0,0.0,0.0,0.0,0.0,0.0,0.0,0.0,0.0,0.0,0.0,0.0,0.0,0.0,0.0,,,,
2020.06.01,장흥군,,,,0.0,0.0,0.0,0.0,0.0,0.0,0.0,0.0,0.0,0.0,0.0,0.0,0.0,0.0,0.0,0.0,,,,
2020.06.01,진도군,,,,0.0,0.0,0.0,0.0,0.0,0.0,0.0,0.0,0.0,0.0,0.0,0.0,0.0,0.0,0.0,0.0,,,,
2020.06.01,함평군,,,,0.0,0.0,0.0,0.0,0.0,0.0,0.0,0.0,0.0,0.0,0.0,0.0,0.0,0.0,0.0,0.0,,,,
2020.06.01,해남군,,,,0.0,0.0,0.0,0.0,0.0,0.0,0.0,0.0,0.0,0.0,0.0,0.0,0.0,0.0,0.0,0.0,,,,
2020.06.01,화순군,,,,0.0,0.0,0.0,0.0,0.0,0.0,0.0,0.0,0.0,0.0,0.0,0.0,0.0,0.0,0.0,0.0,,,,
2020.06.16,강진군,,,,0.0,0.0,0.0,0.0,0.0,0.0,0.0,0.0,0.0,0.0,0.0,0.0,0.0,0.016,0.0,0.0,,,,
2020.06.16,고흥군,,,,0.0,0.0,0.0,0.0,0.003,0.0,0.0,0.0,0.0,0.0,0.0,0.0,0.0,0.0,0.0,0.0,,,,
2020.06.16,곡성군,,,,0.0,0.0,0.0,0.0,1.732,0.0,0.0,0.0,0.0,0.0,0.0,0.0,0.0,0.185,0.0,0.0,,,,
2020.06.16,광양시,,,,0.0,0.0,0.0,0.0,0.0,0.0,0.0,0.0,0.0,0.0,0.0,0.0,0.0,0.002,0.0,0.0,,,,
2020.06.16,구례군,,,,0.0,0.0,0.0,0.0,0.0,0.0,0.0,0.0,0.0,0.0,0.0,0.0,0.0,0.0,0.0,0.0,,,,
2020.06.16,나주시,,,,0.0,0.0,0.0,0.0,0.003,0.0,0.0,0.0,0.0,0.0,0.0,0.0,0.0,0.002,0.0,0.0,,,,
2020.06.16,담양군,,,,0.0,0.0,0.0,0.0,0.0,0.0,0.0,0.0,0.0,0.0,0.0,0.0,0.0,0.003,0.0,0.0,,,,
2020.06.16,무안군,,,,,,,0.0,0.008,0.0,0.0,0.0,0.0,0.0,0.0,0.0,0.0,0.012,0.0,0.0,,,,
2020.06.16,보성군,,,,0.0,0.0,0.0,0.009,0.0,0.001,0.0,0.0,0.0,0.0,0.0,0.0,0.0,0.001,0.0,0.0,,,,
2020.06.16,순천시,,,,0.0,0.0,0.0,0.0,0.185,0.0,0.0,0.0,0.0,0.0,0.0,0.0,0.0,0.089,0.0,0.0,,,,
2020.06.16,신안군,,,,,,,0.0,0.0,0.0,0.0,0.0,0.0,0.0,0.0,0.0,0.0,0.0,0.0,0.0,,,,
2020.06.16,여수시,,,,0.0,0.0,0.0,0.0,0.708,0.0,0.0,0.0,0.0,0.0,0.0,0.0,0.0,0.197,0.0,0.0,,,,
2020.06.16,영광군,,,,0.0,0.0,0.0,0.0,0.01,0.0,0.0,0.0,0.0,0.0,0.0,0.0,0.0,0.014,0.0,0.0,,,,
2020.06.16,영암군,,,,0.0,0.0,0.0,0.0,0.0,0.0,0.0,0.0,0.0,0.0,0.0,0.0,0.0,0.0,0.0,0.0,,,,
2020.06.16,완도군,,,,,,,0.0,0.0,0.0,0.0,0.0,0.0,0.0,0.0,0.0,0.0,0.0,0.0,0.0,,,,
2020.06.16,장성군,,,,0.0,0.0,0.0,0.0,0.003,0.0,0.0,0.0,0.0,0.0,0.0,0.0,0.0,0.001,0.0,0.0,,,,
2020.06.16,장흥군,,,,0.0,0.0,0.0,0.0,0.061,0.0,0.0,0.0,0.0,0.0,0.0,0.0,0.0,0.053,0.0,0.0,,,,
2020.06.16,진도군,,,,0.0,0.0,0.833,0.0,0.667,0.0,0.0,0.0,0.0,0.028,0.139,0.695,0.0,0.089,0.0,0.0,,,,
2020.06.16,함평군,,,,0.0,0.0,0.0,0.0,0.015,0.0,0.0,0.0,0.0,0.0,0.0,0.0,0.0,0.034,0.0,0.0,,,,
2020.06.16,해남군,,,,0.0,0.0,0.0,0.0,0.007,0.0,0.0,0.0,0.0,0.0,0.0,0.0,0.0,0.0,0.0,0.0,,,,
2020.06.16,화순군,,,,0.0,0.0,0.0,0.0,0.0,0.0,0.0,0.0,0.0,0.0,0.0,0.0,0.0,0.006,0.0,0.0,,,,
2020.07.01,강진군,,,,0.0,0.0,0.0,0.0,0.001,0.0,0.0,0.0,0.0,0.0,0.0,0.0,0.0,0.002,0.0,0.0,,,,
2020.07.01,고흥군,,,,0.0,0.0,0.0,0.014,0.005,0.0,0.0,0.0,0.0,0.0,0.0,0.0,0.231,0.003,0.0,0.0,,,,
2020.07.01,곡성군,,,,0.0,0.0,0.0,0.175,1.189,0.0,0.0,0.0,0.0,0.0,0.0,0.0,0.0,0.038,0.0,0.0,,,,
2020.07.01,광양시,,,,0.0,0.0,0.0,0.0,0.013,0.0,0.0,0.0,0.0,0.0,0.0,0.0,0.0,0.0,0.0,0.0,,,,
2020.07.01,구례군,,,,0.0,0.0,0.0,0.0,0.0,0.0,0.0,0.0,0.0,0.0,0.0,0.0,0.0,0.0,0.0,0.0,,,,
2020.07.01,담양군,,,,,0.0,0.0,0.0,0.004,0.0,0.0,0.0,0.0,0.0,0.013,0.0,0.0,0.011,0.0,0.0,,,,
2020.07.01,무안군,,,,,0.0,0.0,0.0,0.002,0.0,0.0,0.0,0.0,0.001,0.0,0.0,0.0,0.005,0.0,0.0,,,,
2020.07.01,보성군,,,,0.0,0.0,0.0,0.0,0.0,0.0,0.0,0.0,0.0,0.0,0.0,0.0,0.0,0.001,0.0,0.0,,,,
2020.07.01,순천시,,,,0.0,0.0,0.0,0.0,0.185,0.0,0.0,0.0,0.0,0.0,0.0,0.0,0.0,0.089,0.0,0.0,,,,
2020.07.01,신안군,,,,,,,,0.769,,,,,,,,,,,,,,,
2020.07.01,여수시,,,,0.0,0.0,0.0,0.0,0.103,0.0,0.0,0.0,0.0,0.0,0.0,0.0,0.0,0.131,0.0,0.0,,,,
2020.07.01,영광군,,,,0.0,0.0,0.0,0.0,0.0,0.0,0.0,0.0,0.0,0.0,0.0,0.0,0.0,0.0,0.0,0.0,,,,
2020.07.01,영암군,,,,0.0,0.0,0.0,0.0,0.0,0.0,0.0,0.0,0.0,0.0,0.0,0.0,0.0,0.0,0.0,0.0,,,,
2020.07.01,완도군,,,,,0.0,0.0,0.0,0.0,0.0,0.0,0.0,0.0,0.0,0.0,0.0,0.0,0.0,0.0,0.0,,,,
2020.07.01,장성군,,,,0.0,0.0,0.0,0.0,0.004,0.0,0.0,0.0,0.0,0.0,0.0,0.0,0.0,0.0,0.0,0.0,,,,
2020.07.01,장흥군,,,,0.0,0.0,0.0,0.0,0.04,0.0,0.0,0.0,0.0,0.0,0.0,0.0,0.0,0.024,0.0,0.0,,,,
2020.07.01,진도군,,,,0.0,0.0,1.389,0.0,0.945,0.0,0.0,0.0,0.0,0.028,0.056,1.195,0.0,0.356,0.0,0.0,,,,
2020.07.01,함평군,,,,0.0,0.0,0.0,0.0,0.071,0.0,0.0,0.0,0.0,0.0,0.0,0.0,0.0,0.013,0.0,0.0,,,,
2020.07.01,해남군,,,,0.0,0.0,0.0,0.0,0.01,0.0,0.0,0.0,0.0,0.0,0.0,0.0,0.0,0.0,0.0,0.0,,,,
2020.07.01,화순군,,,,0.0,0.0,0.128,0.0,0.0,0.0,0.0,0.0,0.0,0.0,0.0,0.0,0.0,0.0,0.0,0.0,,,,
2020.07.16,강진군,,,,0.0,0.0,0.003,0.002,0.009,0.0,0.0,0.0,0.0,0.0,0.0,0.0,0.0,0.0,0.0,0.001,,,,
2020.07.16,고흥군,,,,0.0,0.0,0.0,0.014,0.0,0.0,0.0,0.0,0.0,0.0,0.0,0.0,0.0,0.0,0.0,0.0,,,,
2020.07.16,곡성군,,,,0.0,0.0,0.0,0.257,2.073,0.0,0.242,0.0,0.0,0.0,0.0,0.0,0.0,0.448,0.0,0.0,,,,
2020.07.16,광양시,,,,0.0,0.0,0.0,0.0,0.0,0.0,0.011,0.0,0.0,0.0,0.0,0.0,0.0,0.0,0.0,0.0,,,,
2020.07.16,구례군,,,,0.0,0.0,0.0,0.0,0.0,0.0,0.0,0.0,0.0,0.0,0.0,0.0,0.0,0.0,0.0,0.0,,,,
2020.07.16,나주시,,,,0.0,0.0,0.0,0.028,0.018,0.0,0.0,0.0,0.0,0.0,0.0,0.0,0.0,0.0,0.0,0.0,,,,
2020.07.16,담양군,,,,0.0,0.0,0.0,0.053,0.022,0.001,0.072,0.0,0.0,0.0,0.022,0.0,0.0,0.039,0.0,0.004,,,,
2020.07.16,무안군,,,,0.0,0.0,0.0,0.007,0.001,0.0,0.0,0.0,0.0,0.0,0.0,0.0,0.0,0.0,0.0,0.0,,,,
2020.07.16,보성군,,,,0.0,0.0,0.0,0.009,0.0,0.0,0.002,0.0,0.0,0.0,0.0,0.0,0.0,0.0,0.0,0.0,,,,
2020.07.16,순천시,,,,0.0,0.0,0.0,0.139,0.0,0.0,0.0,0.0,0.0,0.0,0.0,0.0,0.0,0.0,0.0,0.0,,,,
2020.07.16,신안군,,,,0.0,0.0,0.0,0.144,0.144,0.0,0.0,0.0,0.0,0.0,0.0,0.0,0.0,0.0,0.0,0.0,,,,
2020.07.16,여수시,,,,0.0,0.0,0.0,0.026,0.128,0.0,0.0,0.0,0.0,0.0,0.0,0.0,0.0,0.016,0.0,0.0,,,,
2020.07.16,영광군,,,,0.0,0.0,0.001,0.0,0.001,0.0,0.0,0.0,0.0,0.0,0.0,0.0,0.0,0.0,0.0,0.0,,,,
2020.07.16,영암군,,,,,,0.028,0.009,,0.002,0.007,,,,,0.009,,,,,,,,
2020.07.16,완도군,,,,0.033,0.333,1.667,1.333,1.0,0.001,1.25,0.0,0.017,0.033,0.033,0.167,0.033,0.107,0.0,0.0,,,,
2020.07.16,장성군,,,,0.0,0.0,0.0,0.003,0.011,0.002,0.0,0.0,0.001,0.0,0.0,0.0,0.0,0.0,0.0,0.001,,,,
2020.07.16,장흥군,,,,0.0,0.0,0.045,0.033,0.032,0.0,0.03,0.0,0.0,0.0,0.0,0.0,0.0,0.0,0.0,0.002,,,,
2020.07.16,진도군,,,,0.0,0.0,3.778,0.209,0.134,0.003,0.181,0.0,0.0,0.0,0.111,1.194,0.0,0.044,0.0,0.0,,,,
2020.07.16,함평군,,,,0.019,0.0,0.0,0.026,0.101,0.0,0.0,0.0,0.0,0.0,0.0,0.0,0.0,0.007,0.0,0.0,,,,
2020.07.16,해남군,,,,0.0,0.0,0.017,0.008,0.012,0.0,0.0,0.0,0.0,0.0,0.0,0.0,0.0,0.0,0.002,0.0,,,,
2020.07.16,화순군,,,,0.0,0.0,0.99,0.029,0.0,0.0,0.184,0.0,0.0,0.0,0.0,0.0,0.0,0.0,0.0,0.0,,,,
2020.08.01,강진군,,,,0.0,0.0,0.005,0.009,0.002,0.001,0.012,0.0,0.0,0.0,0.0,0.0,0.0,0.0,0.0,0.0,,,,
2020.08.01,고흥군,,,,0.0,0.002,0.048,0.208,0.0,0.0,0.003,0.0,0.0,0.0,0.0,0.0,0.0,0.0,0.0,0.0,,,,
2020.08.01,곡성군,,,,0.0,0.0,0.257,0.146,0.205,0.005,0.248,0.0,0.0,0.0,0.0,0.0,0.0,0.004,0.0,0.0,,,,
2020.08.01,광양시,,,,0.0,0.0,0.0,0.038,0.018,0.0,0.094,0.0,0.0,0.0,0.0,0.0,0.0,0.0,0.0,0.0,,,,
2020.08.01,구례군,,,,0.0,0.0,0.0,0.091,0.0,0.0,0.088,0.0,0.0,0.0,0.0,0.0,0.0,0.015,0.0,0.0,,,,
2020.08.01,나주시,,,,0.0,0.0,0.0,0.029,0.018,0.002,0.056,0.0,0.0,0.0,0.0,0.0,0.0,0.0,0.0,0.0,,,,
2020.08.01,담양군,,,,0.0,0.0,0.009,0.079,0.013,0.003,0.098,0.0,,,,,,0.011,0.0,0.0,,,,
2020.08.01,무안군,,,,0.0,0.0,0.0,0.008,0.001,0.0,0.02,0.0,,,,,,0.0,0.0,0.0,,,,
2020.08.01,보성군,,,,0.0,0.0,0.316,0.049,0.015,0.008,0.047,0.0,0.0,0.0,0.0,0.0,0.0,0.0,0.0,0.0,,,,
2020.08.01,순천시,,,,0.0,0.0,0.0,0.278,0.139,0.009,0.0,0.0,0.0,0.0,0.0,0.0,0.0,0.0,0.0,0.0,,,,
2020.08.01,신안군,,,,0.0,0.0,0.096,0.051,0.032,0.0,0.048,0.0,0.0,0.0,0.0,0.0,0.0,0.0,0.0,0.0,,,,
2020.08.01,여수시,,,,0.0,0.0,0.513,1.154,0.513,0.0,0.0,0.0,0.0,0.0,0.0,0.0,0.0,0.0,0.0,0.0,,,,
2020.08.01,영광군,,,,0.0,0.0,0.018,0.02,0.019,0.001,0.033,0.0,0.0,0.0,0.0,0.0,0.0,0.0,0.0,0.0,,,,
2020.08.01,영암군,,,,,,0.055,0.106,,0.021,0.014,,,,,0.009,,,,,,,,
2020.08.01,완도군,,,,0.033,0.333,1.667,1.333,1.0,0.001,1.25,0.0,,,,,,0.107,0.0,0.0,,,,
2020.08.01,장성군,,,,0.0,0.0,0.0,0.004,0.004,0.001,0.001,0.0,0.0,0.0,0.0,0.0,0.0,0.0,0.0,0.0,,,,
2020.08.01,장흥군,,,,0.0,0.0,0.047,0.036,0.029,0.002,0.041,0.0,0.0,0.0,0.0,0.0,0.0,0.0,0.0,0.002,,,,
2020.08.01,진도군,,,,0.0,0.039,2.055,0.236,0.12,0.004,0.139,0.0,0.0,0.0,0.0,1.611,0.0,0.011,0.0,0.007,,,,
2020.08.01,함평군,,,,0.007,0.0,0.046,0.05,0.042,0.003,0.045,0.0,0.0,0.0,0.0,0.0,0.0,0.006,0.0,0.001,,,,
2020.08.01,해남군,,,,0.0,0.0,0.015,0.021,0.02,0.001,0.023,0.0,0.0,0.0,0.0,0.0,0.0,0.006,0.0,0.0,,,,
2020.08.01,화순군,,,,0.0,0.0,1.51,0.049,0.23,0.003,0.199,0.0,0.0,0.0,0.0,0.0,0.0,0.0,0.0,0.0,,,,
2020.08.16,강진군,,,,0.0,0.0,0.004,0.012,0.0,0.001,0.04,0.0,0.0,0.0,0.0,0.0,0.0,0.0,0.0,0.0,,,,
2020.08.16,고흥군,,,,0.0,0.042,0.106,0.301,0.0,0.001,0.047,0.0,0.0,0.0,0.0,0.0,0.0,0.0,0.0,0.0,,,,
2020.08.16,곡성군,,,,0.003,0.0,0.047,0.143,0.047,0.002,0.441,0.0,0.0,0.0,0.0,0.0,0.0,0.004,0.0,0.0,,,,
2020.08.16,광양시,,,,0.0,0.0,0.505,0.329,0.02,0.0,0.78,0.0,0.0,0.0,0.0,0.0,0.0,0.0,0.0,0.0,,,,
2020.08.16,구례군,,,,,,0.13,0.113,,0.009,1.471,,,,,,,0.014,,,,,,
2020.08.16,나주시,,,,0.0,0.0,0.0,0.05,0.0,0.004,0.25,0.0,0.0,0.0,0.0,0.0,0.0,0.0,0.0,0.0,,,,
2020.08.16,담양군,,,,0.0,0.0,0.088,0.088,0.0,0.015,0.105,0.0,,,,,,0.009,0.0,0.0,,,,
2020.08.16,무안군,,,,0.0,0.0,0.031,0.08,0.001,0.003,0.102,0.0,,,,,,0.0,0.0,0.0,,,,
2020.08.16,보성군,,,,0.009,0.0,0.135,0.164,0.013,0.002,0.316,0.0,0.0,0.0,0.0,0.0,0.0,0.0,0.0,0.0,,,,
2020.08.16,순천시,,,,0.0,0.0,0.093,0.139,0.139,0.005,0.347,0.0,0.0,0.0,0.0,0.0,0.0,0.0,0.0,0.0,,,,
2020.08.16,신안군,,,,0.0,0.0,0.048,0.061,0.0,0.002,0.159,0.0,0.0,0.0,0.0,0.0,0.0,0.0,0.0,0.0,,,,
2020.08.16,여수시,,,,0.0,0.0,0.513,0.641,0.256,0.025,0.846,0.0,0.0,0.0,0.0,0.0,0.0,0.0,0.0,0.0,,,,
2020.08.16,영광군,,,,0.005,0.0,0.02,0.906,0.01,0.0,0.745,0.0,0.0,0.0,0.0,0.0,0.0,0.0,0.0,0.0,,,,
2020.08.16,영암군,,,,0.0,0.002,0.055,0.105,0.0,0.002,0.068,0.0,0.0,0.0,0.0,0.002,0.0,0.0,0.0,0.0,,,,
2020.08.16,완도군,,,,0.0,1.0,2.0,0.833,0.15,,2.5,0.0,,,,,,,0.0,,,,,
2020.08.16,장성군,,,,0.0,0.0,0.0,0.005,0.0,0.001,0.029,0.0,0.0,0.0,0.0,0.0,0.0,0.0,0.0,0.0,,,,
2020.08.16,장흥군,,,,0.002,0.004,0.078,0.04,0.0,0.001,0.113,0.0,0.0,0.0,0.0,0.0,0.0,0.0,0.0,0.0,,,,
2020.08.16,진도군,,,,0.0,0.022,0.028,0.059,0.008,0.001,0.292,0.0,0.0,0.0,0.0,0.006,0.0,0.004,0.0,0.0,,,,
2020.08.16,함평군,,,,0.008,0.0,0.105,0.407,0.022,0.001,0.169,0.0,0.0,0.0,0.0,0.0,0.0,0.0,0.0,0.0,,,,
2020.08.16,해남군,,,,0.0,0.0,0.051,0.052,0.0,0.003,0.094,0.0,0.0,0.0,0.0,0.0,0.0,0.0,0.0,0.0,,,,
2020.08.16,화순군,,,,0.0,0.0,2.863,0.103,0.098,0.001,0.442,0.0,0.0,0.0,0.0,0.0,0.0,0.0,0.0,0.0,,,,
2020.09.01,강진군,,,,0.0,0.004,0.005,0.006,0.005,,0.022,,,,,,,0.0,0.0,0.0,,,,
2020.09.01,고흥군,,,,0.0,0.051,0.051,0.0,0.0,0.0,0.0,0.0,0.0,0.0,0.0,0.052,0.0,0.0,0.0,0.0,,,,
2020.09.01,곡성군,,,,0.003,0.02,0.152,0.163,0.023,0.0,0.746,0.0,0.0,0.0,0.0,0.0,0.0,0.0,0.0,0.0,,,,
2020.09.01,광양시,,,,0.0,0.0,1.414,2.525,0.227,0.0,2.538,0.0,0.0,0.0,0.0,0.0,0.0,0.0,0.0,0.0,,,,
2020.09.01,구례군,,,,0.0,0.0,0.0,0.316,0.0,0.01,0.253,0.0,0.0,0.0,0.0,0.0,0.0,0.0,0.0,0.0,,,,
2020.09.01,나주시,,,,0.0,0.036,0.0,0.312,0.0,0.0,0.161,0.0,0.0,0.0,0.0,0.0,0.0,0.0,0.0,0.0,,,,
2020.09.01,담양군,,,,0.0,0.0,0.0,0.163,0.088,,0.171,,,,,,,0.006,0.0,0.0,,,,
2020.09.01,무안군,,,,0.0,0.0,0.0,0.084,0.0,,0.116,,,,,,,0.0,0.0,0.0,,,,
2020.09.01,보성군,,,,0.042,0.032,0.101,0.093,0.0,0.0,0.101,0.0,0.0,0.0,0.0,0.0,0.0,0.003,0.0,0.009,,,,
2020.09.01,순천시,,,,0.0,0.185,0.093,0.371,0.093,0.002,0.486,0.0,0.0,0.0,0.0,0.0,0.0,0.0,0.0,0.0,,,,
2020.09.01,신안군,,,,0.0,0.0,0.046,0.077,0.0,0.0,0.12,0.0,0.0,0.0,0.0,0.0,0.0,0.0,0.0,0.0,,,,
2020.09.01,여수시,,,,0.128,3.077,0.256,1.154,0.769,0.0,0.385,0.0,0.0,0.0,0.0,0.0,0.0,0.0,0.0,0.0,,,,
2020.09.01,영광군,,,,0.005,0.0,0.018,1.048,0.01,0.0,0.725,0.0,0.0,0.0,0.0,0.0,0.0,0.0,0.0,0.0,,,,
2020.09.01,영암군,,,,0.0,0.033,0.459,0.576,0.0,0.0,0.619,0.0,0.0,0.0,0.0,0.0,0.0,0.0,0.0,0.0,,,,
2020.09.01,완도군,,,,0.083,4.0,4.0,2.333,1.0,,3.75,,,,,,,0.0,0.0,0.0,,,,
2020.09.01,장성군,,,,0.0,0.0,0.002,0.004,0.0,0.0,0.005,0.0,0.0,0.0,0.0,0.0,0.0,0.0,0.0,0.0,,,,
2020.09.01,장흥군,,,,0.005,0.06,0.056,0.036,0.0,0.0,0.054,0.0,0.0,0.0,0.0,0.0,0.0,0.0,0.0,0.0,,,,
2020.09.01,진도군,,,,0.022,0.594,0.072,0.011,0.05,0.0,0.14,0.0,0.0,0.0,0.0,0.028,0.022,0.0,0.0,0.0,,,,
2020.09.01,함평군,,,,0.01,0.0,0.082,0.101,0.013,0.0,0.143,0.0,0.0,0.0,0.0,0.0,0.0,0.0,0.0,0.0,,,,
2020.09.01,해남군,,,,0.0,0.035,0.0,0.0,0.0,0.0,0.035,0.0,0.0,0.0,0.0,0.0,0.0,0.0,0.0,0.0,,,,
2020.09.01,화순군,,,,0.0,0.0,0.392,0.167,0.098,0.0,0.272,0.0,0.0,0.0,0.0,0.0,0.0,0.0,0.0,0.0,,,,
2020.09.16,강진군,,,,0.006,0.014,0.006,0.002,0.003,0.0,0.013,0.0,0.0,0.0,0.0,0.0,0.0,0.0,0.0,0.0,,,,
2020.09.16,고흥군,,,,0.0,0.69,1.463,0.0,0.0,0.0,0.0,0.0,0.0,0.0,0.0,0.0,0.0,0.0,0.0,0.0,,,,
2020.09.16,곡성군,,,,0.0,0.014,0.035,0.105,0.022,0.0,0.571,0.0,0.0,0.0,0.0,0.0,0.0,0.0,0.0,0.0,,,,
2020.09.16,광양시,,,,0.005,0.045,0.04,0.04,0.0,0.0,1.591,0.0,0.0,0.0,0.0,0.0,0.0,0.0,0.0,0.0,,,,
2020.09.16,구례군,,,,0.006,0.043,0.004,0.156,0.0,0.0,0.266,0.0,0.0,0.0,0.0,0.0,0.0,0.0,0.0,0.0,,,,
2020.09.16,나주시,,,,0.0,0.251,0.036,0.125,0.002,0.0,0.099,0.0,0.0,0.0,0.0,0.0,0.0,0.0,0.0,0.0,,,,
2020.09.16,담양군,,,,0.0,0.044,0.0,0.022,0.0,,0.23,,,,,,,0.0,0.0,0.0,,,,
2020.09.16,무안군,,,,0.001,0.003,0.004,0.08,0.001,,0.13,,,,,,,0.0,0.0,0.0,,,,
2020.09.16,보성군,,,,0.025,0.101,0.0,0.021,0.0,0.0,0.07,0.0,0.0,0.0,0.0,0.0,0.0,0.0,0.0,0.0,,,,
2020.09.16,순천시,,,,0.0,0.556,0.185,0.139,0.0,0.0,0.417,0.0,0.0,0.0,0.0,0.0,0.0,0.0,0.0,0.0,,,,
2020.09.16,신안군,,,,0.016,0.032,0.026,0.067,0.0,0.0,0.087,0.0,0.0,0.0,0.0,0.0,0.0,0.0,0.0,0.0,,,,
2020.09.16,여수시,,,,0.513,1.025,0.0,0.09,0.18,0.0,0.308,0.0,0.0,0.0,0.0,0.0,0.0,0.0,0.0,0.0,,,,
2020.09.16,영광군,,,,0.002,0.146,0.046,0.009,0.005,0.0,0.614,0.0,0.0,0.0,0.0,0.0,0.0,0.0,0.0,0.0,,,,
2020.09.16,영암군,,,,0.005,0.055,0.092,0.211,0.0,0.0,0.098,0.0,0.0,0.0,0.0,0.0,0.0,0.0,0.0,0.0,,,,
2020.09.16,완도군,,,,0.667,4.0,4.0,2.333,1.0,,3.75,,,,,,,0.0,0.0,0.0,,,,
2020.09.16,장성군,,,,0.0,0.0,0.007,0.002,0.0,0.0,0.001,0.0,0.0,0.0,0.0,0.0,0.0,0.0,0.0,0.0,,,,
2020.09.16,장흥군,,,,0.003,0.179,0.036,0.018,0.0,0.0,0.036,0.0,0.0,0.0,0.0,0.0,0.0,0.0,0.0,0.0,,,,
2020.09.16,진도군,,,,0.256,0.856,0.111,0.0,0.0,0.0,0.132,0.0,0.0,0.0,0.0,0.006,0.0,0.0,0.0,0.0,,,,
2020.09.16,함평군,,,,0.062,0.077,0.082,0.01,0.01,0.0,0.144,0.0,0.0,0.0,0.0,0.0,0.0,0.0,0.0,0.0,,,,
2020.09.16,해남군,,,,0.0,0.047,0.0,0.0,0.015,0.0,0.036,0.0,0.0,0.0,0.0,0.0,0.0,0.0,0.0,0.0,,,,
2020.09.16,화순군,,,,0.0,0.196,0.814,0.118,0.025,0.0,0.314,0.0,0.0,0.0,0.0,0.0,0.0,0.0,0.0,0.0,,,,
2021.06.01,강진군,0.0,0.0,0.0,0.0,0.0,0.0,0.0,0.0,0.0,0.0,0.0,0.0,0.0,0.0,0.0,0.0,0.0,0.0,0.0,0.0,0.0,0.0,0.0
2021.06.01,고흥군,0.0,0.0,0.0,0.0,0.0,0.0,0.0,0.0,0.0,0.0,0.0,0.0,0.0,0.0,0.0,0.0,0.0,0.0,0.0,0.0,0.0,0.0,0.0
2021.06.01,곡성군,0.0,0.0,0.0,0.0,0.0,0.0,0.0,0.0,0.0,0.0,0.0,0.0,0.0,0.0,0.0,0.0,0.0,0.0,0.0,0.0,0.0,0.0,0.0
2021.06.01,광양시,0.0,0.0,0.0,0.0,0.0,0.0,0.0,0.0,0.0,0.0,0.0,0.0,0.0,0.0,0.0,0.0,0.0,0.0,0.0,0.0,0.0,0.0,0.0
2021.06.01,구례군,0.0,0.0,0.0,0.0,0.0,0.0,0.0,0.0,0.0,0.0,0.0,0.0,0.0,0.0,0.0,0.0,0.0,0.0,0.0,0.0,0.0,0.0,0.0
2021.06.01,나주시,0.0,0.0,0.0,0.0,0.0,0.0,0.0,0.0,0.0,0.0,0.0,0.0,0.0,0.0,0.0,0.0,0.0,0.0,0.0,0.0,0.0,0.0,0.0
2021.06.01,담양군,0.0,0.0,0.0,0.0,0.0,0.0,0.0,0.0,0.0,0.0,0.0,0.0,0.0,0.0,0.0,0.0,0.0,0.0,0.0,0.0,0.0,0.0,0.0
2021.06.01,무안군,0.0,0.0,0.0,0.0,0.0,0.0,0.0,0.0,0.0,0.0,0.0,0.0,0.0,0.0,0.0,0.0,0.0,0.0,0.0,0.0,0.0,0.0,0.0
2021.06.01,보성군,0.0,0.0,0.0,0.0,0.0,0.0,0.0,0.0,0.0,0.0,0.0,0.0,0.0,0.0,0.0,0.0,0.0,0.0,0.0,0.0,0.0,0.0,0.0
2021.06.01,순천시,0.0,0.0,0.0,0.0,0.0,0.0,0.0,0.0,0.0,0.0,0.0,0.0,0.0,0.0,0.0,0.0,0.0,0.0,0.0,0.0,0.0,0.0,0.0
2021.06.01,신안군,0.0,0.0,0.0,0.0,0.0,0.0,0.0,0.0,0.0,0.0,0.0,0.0,0.0,0.0,0.0,0.0,0.0,0.0,0.0,0.0,0.0,0.0,0.0
2021.06.01,여수시,0.0,0.0,0.0,0.0,0.0,0.0,0.0,0.0,0.0,0.0,0.0,0.0,0.0,0.0,0.0,0.0,0.032,0.0,0.0,0.0,0.0,0.0,0.0
2021.06.01,영암군,0.0,0.0,0.0,0.0,0.0,0.0,0.0,0.0,0.0,0.0,0.0,0.0,0.0,0.0,0.0,0.0,0.0,0.0,0.0,0.0,0.0,0.0,0.0
2021.06.01,완도군,0.0,0.0,0.0,0.0,0.0,0.0,0.0,0.0,0.0,0.0,0.0,0.0,0.0,0.0,0.0,0.0,0.0,0.0,0.0,0.0,0.0,0.0,0.0
2021.06.01,장성군,0.0,0.0,0.0,0.0,0.0,0.0,0.0,0.0,0.0,0.0,0.0,0.0,0.0,0.0,0.0,0.0,0.0,0.0,0.0,0.0,0.0,0.0,0.0
2021.06.01,장흥군,0.0,0.0,0.0,0.0,0.0,0.0,0.0,0.0,0.0,0.0,0.0,0.0,0.0,0.0,0.0,0.0,0.0,0.0,0.0,0.0,0.0,0.0,0.0
2021.06.01,진도군,0.0,0.0,0.0,0.0,0.0,0.0,0.0,0.0,0.0,0.0,0.0,0.0,0.0,0.0,0.0,0.0,0.0,0.0,0.0,0.0,0.0,0.0,0.0
2021.06.01,함평군,0.0,0.0,0.0,0.0,0.0,0.0,0.0,0.0,0.0,0.0,0.0,0.0,0.0,0.0,0.0,0.0,0.0,0.0,0.0,0.0,0.0,0.0,0.0
2021.06.01,해남군,0.0,0.0,0.0,0.0,0.0,0.0,0.0,0.0,0.0,0.0,0.0,0.0,0.0,0.0,0.0,0.0,0.0,0.0,0.0,0.0,0.0,0.0,0.0
2021.06.01,화순군,0.0,0.0,0.0,0.0,0.0,0.0,0.0,0.0,0.0,0.0,0.0,0.0,0.0,0.0,0.0,0.0,0.0,0.0,0.0,0.0,0.0,0.0,0.0
2021.06.16,강진군,0.0,0.0,0.0,0.0,0.0,0.0,0.0,0.0,0.0,0.0,0.0,0.0,0.0,0.0,0.0,0.0,0.0,0.0,0.0,0.0,0.0,0.0,0.0
2021.06.16,고흥군,0.0,0.0,0.0,0.0,0.0,0.0,0.0,0.0,0.0,0.0,0.0,0.0,0.0,0.0,0.0,0.0,0.0,0.0,0.0,0.0,0.0,0.0,0.0
2021.06.16,곡성군,0.0,0.0,0.0,0.0,0.0,0.0,0.0,0.0,0.0,0.0,0.0,0.0,0.0,0.0,0.0,0.0,0.011,0.0,0.0,0.0,0.0,0.0,0.0
2021.06.16,광양시,0.0,0.0,0.0,0.0,0.0,0.0,0.0,0.003,0.0,0.0,0.0,0.0,0.0,0.0,0.0,0.0,0.01,0.0,0.0,0.0,0.0,0.0,0.0
2021.06.16,구례군,0.0,0.0,0.0,0.0,0.0,0.0,0.0,0.0,0.0,0.0,0.0,0.0,0.0,0.0,0.0,0.0,0.116,0.0,0.0,0.0,0.0,0.0,0.0
2021.06.16,나주시,0.0,0.0,0.0,0.0,0.0,0.0,0.0,0.0,0.0,0.0,0.0,0.0,0.0,0.0,0.0,0.0,0.0,0.0,0.0,0.0,0.0,0.0,0.0
2021.06.16,담양군,0.0,0.0,0.0,0.0,0.0,0.0,0.0,0.0,0.0,0.0,0.0,0.0,0.0,0.0,0.0,0.0,0.0,0.0,0.0,0.0,0.0,0.0,0.0
2021.06.16,무안군,0.0,0.0,0.0,0.0,0.0,0.0,0.0,0.001,0.0,0.0,0.0,0.0,0.0,0.0,0.0,0.0,0.005,0.0,0.0,0.0,0.0,0.0,0.0
2021.06.16,보성군,0.0,0.0,0.0,0.0,0.0,0.0,0.0,0.0,0.0,0.0,0.0,0.0,0.0,0.0,0.0,0.0,0.0,0.0,0.0,0.0,0.0,0.0,0.0
2021.06.16,순천시,0.0,0.0,0.0,0.0,0.0,0.0,0.0,0.048,0.0,0.0,0.0,0.0,0.0,0.0,0.0,0.0,0.061,0.0,0.0,0.0,0.0,0.0,0.0
2021.06.16,신안군,0.0,0.0,0.0,0.0,0.0,0.0,0.0,0.0,0.0,0.0,0.0,0.0,0.0,0.0,0.0,0.0,0.0,0.0,0.0,0.0,0.0,0.0,0.0
2021.06.16,여수시,0.0,0.0,0.0,0.0,0.0,0.0,0.0,0.0,0.0,0.0,0.0,0.0,0.0,0.0,0.0,0.0,0.06,0.0,0.0,0.0,0.0,0.0,0.0
2021.06.16,영광군,0.0,0.0,0.0,0.0,0.0,0.0,0.0,0.001,0.0,0.0,0.0,0.0,0.0,0.0,0.0,0.0,0.004,0.0,0.0,0.0,0.0,0.0,0.0
2021.06.16,영암군,0.0,0.0,0.0,0.0,0.0,0.0,0.0,0.005,0.0,0.0,0.0,0.0,0.0,0.0,0.0,0.0,0.01,0.0,0.0,0.0,0.0,0.0,0.0
2021.06.16,완도군,0.0,0.0,0.0,0.0,0.0,0.0,0.0,0.0,0.0,0.0,0.0,0.0,0.0,0.0,0.0,0.0,0.0,0.0,0.0,0.0,0.0,0.0,0.0
2021.06.16,장성군,0.0,0.0,0.0,0.0,0.0,0.0,0.0,0.003,0.0,0.0,0.0,0.001,0.001,0.003,0.0,0.0,0.002,0.0,0.0,0.0,0.0,0.0,0.0
2021.06.16,장흥군,0.0,0.0,0.0,0.0,0.0,0.0,0.0,0.011,0.0,0.0,0.0,0.0,0.0,0.0,0.0,0.0,0.02,0.0,0.0,0.0,0.0,0.0,0.0
2021.06.16,진도군,0.0,0.0,0.0,0.0,0.0,0.0,0.0,0.0,0.0,0.0,0.0,0.0,0.0,0.0,0.0,0.0,0.0,0.0,0.0,0.0,0.0,0.0,0.0
2021.06.16,함평군,0.0,0.0,0.0,0.0,0.0,0.0,0.0,0.0,0.0,0.0,0.0,0.0,0.0,0.0,0.0,0.0,0.0,0.0,0.0,0.0,0.0,0.0,0.0
2021.06.16,해남군,0.0,0.0,0.0,0.0,0.0,0.0,0.0,0.0,0.0,0.0,0.0,0.002,0.0,0.0,0.0,0.0,0.0,0.0,0.0,0.0,0.0,0.0,0.0
2021.06.16,화순군,0.0,0.0,0.0,0.0,0.0,0.0,0.0,0.005,0.0,0.0,0.0,0.0,0.0,0.0,0.0,0.0,0.0,0.0,0.0,0.0,0.0,0.0,0.0
2021.07.01,강진군,0.0,0.0,0.0,0.0,0.0,0.0,0.0,0.0,0.0,0.0,0.0,0.0,0.0,0.0,0.0,0.0,0.0,0.0,0.0,0.0,0.0,0.0,0.0
2021.07.01,고흥군,0.0,0.0,0.0,0.0,0.0,0.0,0.0,0.05,0.0,0.0,0.0,0.0,0.0,0.0,0.0,0.0,0.0,0.0,0.0,0.0,0.0,0.0,0.0
2021.07.01,곡성군,0.0,0.0,0.0,0.0,0.0,0.0,0.0,0.135,0.0,0.043,0.0,0.0,0.0,0.001,0.0,0.0,0.0,0.0,0.0,0.0,0.0,0.0,0.0
2021.07.01,광양시,0.0,0.0,0.0,0.0,0.0,0.0,0.0,0.0,0.0,0.0,0.0,0.0,0.0,0.0,0.0,0.0,0.003,0.0,0.0,0.0,0.0,0.0,0.0
2021.07.01,구례군,0.0,0.0,0.0,0.0,0.0,0.0,0.0,0.0,0.0,0.0,0.0,0.0,0.0,0.0,0.0,0.0,0.0,0.0,0.0,0.0,0.0,0.0,0.0
2021.07.01,나주시,0.0,0.0,0.0,0.0,0.0,0.0,0.0,0.0,0.0,0.0,0.0,0.0,0.0,0.0,0.0,0.0,0.0,0.0,0.0,0.0,0.0,0.0,0.0
2021.07.01,담양군,0.0,0.0,0.0,0.0,0.0,0.0,0.0,0.0,0.0,0.0,0.0,0.0,0.0,0.0,0.0,0.0,0.0,0.0,0.0,0.0,0.0,0.0,0.0
2021.07.01,무안군,0.0,0.0,0.0,0.0,0.0,0.0,0.0,0.0,0.0,0.0,0.0,0.0,0.0,0.0,0.0,0.0,0.0,0.0,0.0,0.0,0.0,0.0,0.0
2021.07.01,보성군,0.0,0.0,0.0,0.0,0.0,0.0,0.0,0.0,0.0,0.0,0.0,0.0,0.0,0.0,0.0,0.0,0.0,0.0,0.0,0.0,0.0,0.0,0.0
2021.07.01,순천시,0.0,0.0,0.0,0.0,0.0,0.0,0.0,0.043,0.0,0.0,0.0,0.0,0.0,0.0,0.0,0.0,0.021,0.0,0.0,0.0,0.0,0.0,0.0
2021.07.01,신안군,0.0,0.0,0.0,0.0,0.0,0.0,0.0,0.0,0.0,0.0,0.0,0.0,0.0,0.0,0.0,0.0,0.0,0.0,0.0,0.0,0.0,0.0,0.0
2021.07.01,여수시,0.0,0.0,0.0,0.0,0.0,0.0,0.0,0.042,0.0,0.0,0.0,0.0,0.0,0.0,0.0,0.0,0.022,0.0,0.0,0.0,0.0,0.0,0.0
2021.07.01,영광군,0.0,0.0,0.0,0.0,0.0,0.0,0.0,0.006,0.0,0.0,0.0,0.0,0.0,0.0,0.0,0.0,0.004,0.0,0.0,0.0,0.0,0.0,0.0
2021.07.01,영암군,0.0,0.0,0.0,0.0,0.0,0.0,0.0,0.0,0.0,0.0,0.0,0.0,0.0,0.0,0.0,0.0,0.0,0.0,0.0,0.0,0.0,0.0,0.0
2021.07.01,완도군,0.0,0.0,0.0,0.0,0.0,0.0,0.0,0.0,0.0,0.0,0.0,0.0,0.0,0.0,0.0,0.0,0.0,0.0,0.0,0.0,0.0,0.0,0.0
2021.07.01,장성군,0.0,0.0,0.0,0.0,0.0,0.0,0.0,0.004,0.0,0.0,0.0,0.0,0.002,0.001,0.004,0.001,0.001,0.0,0.001,0.0,0.0,0.0,0.0
2021.07.01,장흥군,0.0,0.0,0.0,0.0,0.0,0.0,0.0,0.021,0.0,0.0,0.0,0.0,0.0,0.0,0.0,0.0,0.005,0.0,0.0,0.0,0.0,0.0,0.0
2021.07.01,진도군,0.0,0.0,0.0,0.0,0.0,0.0,0.0,0.016,0.0,0.0,0.0,0.0,0.0,0.0,0.025,0.0,0.0,0.0,0.0,0.0,0.0,0.0,0.0
2021.07.01,함평군,0.0,0.0,0.0,0.0,0.0,0.0,0.0,0.0,0.0,0.0,0.0,0.0,0.0,0.0,0.0,0.0,0.0,0.0,0.0,0.0,0.0,0.0,0.0
2021.07.01,해남군,0.0,0.0,0.0,0.0,0.0,0.0,0.0,0.001,0.0,0.0,0.0,0.0,0.0,0.0,0.0,0.0,0.0,0.0,0.0,0.0,0.0,0.0,0.0
2021.07.01,화순군,0.0,0.0,0.0,0.0,0.0,0.023,0.0,0.009,0.0,0.0,0.0,0.0,0.0,0.0,0.0,0.0,0.003,0.0,0.0,0.0,0.0,0.0,0.0
2021.07.16,강진군,0.0,0.0,0.0,0.0,0.0,0.0,0.0,0.001,0.001,0.0,0.0,0.0,0.0,0.0,0.0,0.001,0.0,0.0,0.0,0.0,0.0,0.0,0.0
2021.07.16,고흥군,0.0,0.0,0.0,0.0,0.0,0.0,0.0,0.0,0.0,0.037,0.0,0.0,0.0,0.0,0.0,0.0,0.0,0.0,0.0,0.0,0.0,0.0,0.0
2021.07.16,곡성군,0.0,0.0,0.0,0.0,0.0,0.0,0.0,0.272,0.006,0.488,0.0,0.0,0.0,0.0,0.0,0.0,0.001,0.0,0.412,0.0,0.0,0.0,0.0
2021.07.16,광양시,0.0,0.0,0.0,0.0,0.0,0.0,0.0,0.008,0.0,0.015,0.0,0.0,0.0,0.0,0.0,0.018,0.0,0.0,0.0,0.0,0.0,0.0,0.0
2021.07.16,구례군,0.0,0.0,0.0,0.0,0.0,0.0,0.0,0.0,0.0,0.0,0.0,0.0,0.0,0.0,0.0,0.0,0.0,0.0,0.0,0.0,0.0,0.0,0.0
2021.07.16,나주시,0.0,0.0,0.0,0.0,0.0,0.0,0.0,0.0,0.0,0.005,0.0,0.0,0.0,0.0,0.0,0.0,0.0,0.0,0.0,0.0,0.0,0.0,0.0
2021.07.16,담양군,0.0,0.0,0.0,0.0,0.0,0.0,0.0,0.0,0.0,0.007,0.0,0.0,0.0,0.0,0.0,0.001,0.0,0.0,0.0,0.0,0.0,0.0,0.0
2021.07.16,무안군,0.0,0.0,0.0,0.0,0.0,0.0,0.0,0.0,0.0,0.002,0.0,0.0,0.0,0.0,0.0,0.0,0.0,0.0,0.0,0.0,0.0,0.0,0.0
2021.07.16,보성군,0.0,0.0,0.0,0.0,0.0,0.0,0.0,0.0,0.0,0.0,0.0,0.0,0.0,0.0,0.0,0.0,0.0,0.0,0.0,0.0,0.0,0.0,0.0
2021.07.16,순천시,0.0,0.0,0.0,0.0,0.0,0.0,0.0,0.0,0.0,0.071,0.0,0.0,0.0,0.0,0.0,0.0,0.0,0.0,0.0,0.0,0.0,0.0,0.0
2021.07.16,신안군,0.0,0.0,0.0,0.0,0.0,0.0,0.0,0.0,0.0,0.0,0.0,0.0,0.0,0.0,0.0,0.0,0.0,0.0,0.0,0.0,0.0,0.0,0.0
2021.07.16,여수시,0.0,0.0,0.0,0.0,0.0,0.0,0.0,0.059,0.0,0.038,0.0,0.0,0.0,0.0,0.0,0.0,0.0,0.0,0.0,0.0,0.0,0.0,0.0
2021.07.16,영광군,0.0,0.0,0.0,0.0,0.0,0.005,0.0,0.005,0.0,0.012,0.0,0.0,0.0,0.0,0.0,0.0,0.0,0.0,0.001,0.0,0.0,0.0,0.0
2021.07.16,영암군,0.0,0.0,0.0,0.0,0.0,0.0,0.0,0.0,0.0,0.0,0.0,0.0,0.0,0.0,0.0,0.0,0.0,0.0,0.0,0.0,0.0,0.0,0.0
2021.07.16,완도군,0.0,0.0,0.0,0.0,0.0,0.05,0.0,0.062,0.0,0.0,0.0,0.0,0.0,0.0,0.047,0.0,0.0,0.0,0.0,0.0,0.0,0.0,0.0
2021.07.16,장성군,0.0,0.0,0.0,0.0,0.0,0.0,0.0,0.003,0.0,0.004,0.0,0.0,0.002,0.0,0.002,0.001,0.0,0.0,0.001,0.0,0.0,0.0,0.0
2021.07.16,장흥군,0.0,0.0,0.0,0.0,0.0,0.03,0.0,0.027,0.0,0.016,0.0,0.0,0.0,0.0,0.0,0.002,0.003,0.0,0.002,0.0,0.0,0.0,0.0
2021.07.16,진도군,0.0,0.0,0.002,0.0,0.0,0.068,0.0,0.016,0.001,0.025,0.0,0.0,0.019,0.006,0.105,0.002,0.002,0.0,0.005,0.0,0.0,0.0,0.0
2021.07.16,함평군,0.0,0.0,0.0,0.0,0.0,0.0,0.0,0.0,0.0,0.0,0.0,0.0,0.0,0.0,0.0,0.0,0.0,0.0,0.0,0.0,0.0,0.0,0.0
2021.07.16,해남군,0.0,0.0,0.0,0.0,0.0,0.0,0.0,0.0,0.0,0.0,0.0,0.0,0.0,0.0,0.0,0.0,0.0,0.0,0.0,0.0,0.0,0.0,0.0
2021.07.16,화순군,0.0,0.0,0.0,0.0,0.009,0.033,0.0,0.014,0.0,0.017,0.0,0.0,0.0,0.0,0.0,0.0,0.0,0.0,0.0,0.0,0.0,0.0,0.0
2021.08.01,강진군,0.0,0.001,0.0,0.0,0.0,0.001,0.0,0.001,0.001,0.001,0.0,0.0,0.0,0.0,0.0,0.001,0.0,0.0,0.0,0.0,0.0,0.0,0.0
2021.08.01,고흥군,0.0,0.0,0.0,0.0,0.001,0.004,0.001,0.0,0.0,0.0,0.0,0.0,0.0,0.002,0.0,0.0,0.0,0.0,0.0,0.0,0.0,0.0,0.0
2021.08.01,곡성군,0.0,0.0,0.0,0.011,0.0,0.065,0.0,0.18,0.009,1.253,0.0,0.0,0.0,0.0,0.12,0.006,0.408,0.0,0.033,0.0,0.0,0.0,0.0
2021.08.01,광양시,0.0,0.0,0.0,0.0,0.0,0.0,0.008,0.0,0.0,0.049,0.0,0.0,0.0,0.0,0.0,0.0,0.007,0.0,0.0,0.0,0.0,0.0,0.0
2021.08.01,구례군,0.0,0.0,0.0,0.0,0.0,0.0,0.0,0.0,0.0,0.024,0.0,0.0,0.0,0.0,0.0,0.0,0.0,0.0,0.0,0.0,0.0,0.0,0.0
2021.08.01,보성군,0.0,0.0,0.0,0.0,0.0,0.0,0.0,0.0,0.0,0.0,0.0,0.0,0.0,0.0,0.0,0.0,0.0,0.0,0.0,0.0,0.0,0.0,0.0
2021.08.01,여수시,0.0,0.0,0.0,0.0,0.0,0.0,0.051,0.0,0.0,0.076,0.0,0.0,0.0,0.0,0.0,0.0,0.022,0.0,0.0,0.0,0.0,0.0,0.0
2021.08.01,영암군,0.0,0.004,0.0,0.0,0.0,0.002,0.0,0.0,0.0,0.051,0.0,0.0,0.0,0.0,0.002,0.0,0.0,0.0,0.0,0.0,0.0,0.0,0.0
2021.08.01,완도군,0.0,0.0,0.0,0.0,0.0,0.047,0.0,0.055,0.0,0.0,0.0,0.0,0.0,0.0,0.043,0.0,0.0,0.0,0.0,0.0,0.0,0.0,0.0
2021.08.01,장성군,0.0,0.002,0.0,0.0,0.0,0.0,0.002,0.001,0.0,0.01,0.0,0.0,0.0,0.0,0.001,0.0,0.0,0.0,0.001,0.0,0.0,0.0,0.0
2021.08.01,진도군,0.0,0.0,0.0,0.0,0.0,0.42,0.04,0.0,0.0,0.014,0.0,0.0,0.0,0.004,0.0,0.003,0.0,0.0,0.002,0.0,0.0,0.0,0.0
2021.08.01,함평군,0.0,0.0,0.0,0.0,0.0,0.0,0.0,0.0,0.0,0.0,0.0,0.0,0.0,0.0,0.0,0.0,0.0,0.0,0.0,0.0,0.0,0.0,0.0
2021.08.01,해남군,0.0,0.0,0.0,0.0,0.0,0.0,0.001,0.0,0.0,0.0,0.0,0.0,0.0,0.0,0.0,0.0,0.0,0.0,0.0,0.0,0.0,0.0,0.0
2021.08.01,화순군,0.0,0.0,0.0,0.0,0.0,0.149,0.0,0.005,0.0,0.028,0.0,0.0,0.0,0.0,0.0,0.0,0.0,0.0,0.0,0.0,0.0,0.0,0.0
2021.08.16,강진군,0.0,0.001,0.0,0.0,0.0,0.002,0.0,0.0,0.001,0.002,0.0,0.0,0.0,0.0,0.0,0.0,0.0,0.0,0.0,0.0,0.0,0.0,0.0
2021.08.16,고흥군,0.0,0.001,0.0,0.001,0.0,0.032,0.016,0.0,0.0,0.033,0.0,0.0,0.0,0.0,0.032,0.01,0.0,0.0,0.0,0.0,0.0,0.0,0.0
2021.08.16,곡성군,0.0,0.0,0.0,0.109,0.0,0.0,0.0,0.063,0.0,1.627,0.0,0.0,0.0,0.001,0.039,0.0,0.0,0.0,0.0,0.0,0.0,0.0,0.0
2021.08.16,광양시,0.0,0.008,0.0,0.0,0.03,0.0,0.056,0.0,0.0,0.227,0.0,0.0,0.0,0.0,0.0,0.0,0.012,0.0,0.0,0.0,0.0,0.0,0.0
2021.08.16,구례군,0.0,0.0,0.0,0.091,0.0,0.0,0.0,0.0,0.0,0.308,0.002,0.0,0.0,0.0,0.0,0.0,0.0,0.0,0.0,0.0,0.0,0.0,0.0
2021.08.16,나주시,0.0,0.0,0.0,0.0,0.0,0.0,0.0,0.0,0.0,0.006,0.0,0.0,0.0,0.0,0.0,0.0,0.0,0.0,0.0,0.0,0.0,0.0,0.0
2021.08.16,담양군,0.001,0.002,0.0,0.002,0.0,0.0,0.0,0.0,0.0,0.027,0.0,0.0,0.0,0.0,0.0,0.0,0.0,0.0,0.0,0.0,0.0,0.0,0.0
2021.08.16,무안군,0.0,0.0,0.0,0.0,0.0,0.0,0.0,0.0,0.0,0.01,0.0,0.0,0.0,0.0,0.0,0.0,0.0,0.0,0.0,0.0,0.0,0.0,0.0
2021.08.16,보성군,0.0,0.0,0.0,0.0,0.0,0.012,0.016,0.0,0.0,0.149,0.0,0.0,0.0,0.0,0.0,0.0,0.0,0.0,0.0,0.0,0.0,0.0,0.001
2021.08.16,순천시,0.0,0.0,0.0,0.048,0.0,0.0,0.0,0.0,0.0,0.286,0.0,0.0,0.0,0.0,0.0,0.01,0.0,0.0,0.0,0.0,0.0,0.0,0.0
2021.08.16,신안군,0.0,0.0,0.0,0.0,0.0,0.0,0.0,0.0,0.0,0.0,0.0,0.0,0.0,0.0,0.0,0.0,0.0,0.0,0.0,0.0,0.0,0.0,0.0
2021.08.16,여수시,0.0,0.0,0.0,0.042,0.0,0.017,0.017,0.0,0.0,0.267,0.0,0.0,0.0,0.0,0.0,0.0,0.0,0.0,0.0,0.0,0.0,0.0,0.0
2021.08.16,영광군,0.0,0.001,0.0,0.001,0.0,0.008,0.0,0.004,0.001,0.104,0.0,0.0,0.0,0.0,0.0,0.0,0.0,0.0,0.0,0.0,0.0,0.0,0.0
2021.08.16,영암군,0.0,0.004,0.0,0.0,0.0,0.003,0.0,0.0,0.0,0.051,0.0,0.0,0.0,0.0,0.001,0.0,0.0,0.0,0.0,0.0,0.0,0.0,0.0
2021.08.16,완도군,0.0,0.0,0.0,0.0,0.033,0.1,0.008,0.128,0.002,0.238,0.0,0.0,0.0,0.0,0.067,0.0,0.015,0.0,0.0,0.0,0.0,0.0,0.004
2021.08.16,장성군,0.0,0.002,0.002,0.001,0.0,0.001,0.001,0.003,0.0,0.014,0.0,0.0,0.0,0.0,0.004,0.0,0.0,0.0,0.001,0.0,0.0,0.0,0.0
2021.08.16,장흥군,0.0,0.011,0.0,0.0,0.0,0.064,0.021,0.016,0.001,0.048,0.0,0.0,0.0,0.0,0.0,0.0,0.0,0.0,0.0,0.0,0.0,0.0,0.0
2021.08.16,진도군,0.001,0.0,0.0,0.0,0.0,0.025,0.037,0.001,0.001,0.528,0.0,0.012,0.0,0.0,0.006,0.019,0.0,0.0,0.0,0.0,0.0,0.0,0.001
2021.08.16,함평군,0.0,0.0,0.0,0.0,0.0,0.0,0.0,0.0,0.0,0.001,0.0,0.0,0.0,0.0,0.0,0.0,0.0,0.0,0.0,0.0,0.0,0.0,0.0
2021.08.16,해남군,0.0,0.0,0.0,0.0,0.0,0.001,0.0,0.0,0.0,0.001,0.0,0.0,0.0,0.0,0.0,0.0,0.0,0.0,0.0,0.0,0.0,0.0,0.0
2021.08.16,화순군,0.0,0.0,0.0,0.0,0.014,0.153,0.0,0.0,0.0,0.084,0.0,0.0,0.0,0.0,0.0,0.0,0.014,0.0,0.0,0.0,0.0,0.0,0.0
2021.09.01,강진군,0.0,0.002,0.001,0.001,0.0,0.0,0.0,0.0,0.001,0.003,0.0,0.0,0.0,0.0,0.0,0.0,0.0,0.0,0.0,0.0,0.0,0.0,0.0
2021.09.01,고흥군,0.0,0.0,0.0,0.0,0.0,0.0,0.0,0.0,0.0,0.0,0.0,0.0,0.0,0.0,0.0,0.0,0.0,0.0,0.0,0.0,0.0,0.0,0.0
2021.09.01,곡성군,0.061,0.0,0.0,0.218,0.0,0.0,0.008,0.594,0.0,0.915,0.0,0.0,0.0,0.0,0.147,0.0,0.0,0.0,0.0,0.0,0.0,0.027,0.008
2021.09.01,광양시,0.0,0.0,0.0,0.207,0.152,0.0,0.0,0.076,0.0,0.182,0.0,0.0,0.0,0.0,0.0,0.0,0.032,0.0,0.0,0.0,0.0,0.0,0.0
2021.09.01,구례군,0.0,0.0,0.0,0.091,0.0,0.0,0.0,0.0,0.0,0.308,0.0,0.0,0.0,0.0,0.0,0.0,0.0,0.0,0.0,0.0,0.0,0.0,0.0
2021.09.01,담양군,0.002,0.004,0.001,0.003,0.001,0.0,0.0,0.001,0.0,0.007,0.0,0.0,0.0,0.0,0.0,0.0,0.0,0.0,0.0,0.0,0.0,0.0,0.0
2021.09.01,무안군,0.0,0.0,0.0,0.0,0.0,0.0,0.0,0.0,0.0,0.011,0.0,0.0,0.0,0.0,0.0,0.0,0.0,0.0,0.0,0.0,0.0,0.0,0.0
2021.09.01,보성군,0.018,0.004,0.03,0.081,0.001,0.002,0.003,0.001,0.0,0.0,0.0,0.0,0.0,0.0,0.0,0.0,0.0,0.0,0.0,0.0,0.0,0.001,0.0
2021.09.01,순천시,0.002,0.048,0.021,0.024,0.0,0.0,0.0,0.0,0.001,0.15,0.0,0.0,0.0,0.0,0.0,0.0,0.0,0.0,0.0,0.0,0.0,0.0,0.004
2021.09.01,신안군,0.0,0.0,0.0,0.0,0.0,0.0,0.0,0.0,0.0,0.001,0.0,0.0,0.0,0.0,0.0,0.0,0.0,0.0,0.0,0.0,0.0,0.0,0.0
2021.09.01,여수시,0.0,0.0,0.0,0.051,0.0,0.017,0.017,0.034,0.0,0.254,0.0,0.0,0.0,0.0,0.0,0.0,0.0,0.0,0.0,0.0,0.0,0.0,0.0
2021.09.01,영암군,0.0,0.025,0.001,0.0,0.0,0.01,0.0,0.0,0.0,0.041,0.0,0.0,0.0,0.0,0.0,0.0,0.0,0.0,0.0,0.0,0.0,0.0,0.0
2021.09.01,완도군,0.0,0.0,0.0,0.0,0.063,0.067,0.005,0.083,0.002,0.125,0.0,0.0,0.0,0.0,0.0,0.0,0.003,0.0,0.0,0.0,0.0,0.0,0.001
2021.09.01,장성군,0.002,0.003,0.002,0.001,0.0,0.0,0.003,0.0,0.0,0.012,0.0,0.0,0.0,0.0,0.0,0.0,0.0,0.0,0.0,0.0,0.0,0.0,0.001
2021.09.01,장흥군,0.003,0.064,0.004,0.016,0.0,0.112,0.008,0.021,0.0,0.04,0.0,0.0,0.0,0.0,0.0,0.0,0.0,0.0,0.0,0.0,0.0,0.0,0.004
2021.09.01,진도군,0.006,0.0,0.092,0.011,0.019,0.056,0.007,0.001,0.0,0.318,0.0,0.0,0.0,0.0,0.0,0.617,0.0,0.0,0.0,0.0,0.0,0.0,0.007
2021.09.01,함평군,0.0,0.001,0.0,0.001,0.0,0.0,0.0,0.0,0.0,0.001,0.0,0.0,0.0,0.0,0.0,0.0,0.0,0.0,0.0,0.0,0.0,0.0,0.0
2021.09.01,해남군,0.0,0.0,0.0,0.0,0.0,0.0,0.0,0.0,0.0,0.0,0.0,0.0,0.0,0.0,0.0,0.0,0.0,0.0,0.0,0.0,0.0,0.0,0.0
2021.09.01,화순군,0.0,0.0,0.0,0.0,0.0,0.13,0.0,0.0,0.0,0.087,0.0,0.0,0.0,0.0,0.0,0.0,0.0,0.0,0.0,0.0,0.0,0.0,0.0
2021.09.16,강진군,0.0,0.001,0.001,0.001,0.0,0.0,0.0,0.0,0.0,0.001,0.0,0.0,0.0,0.0,0.001,0.001,0.0,0.0,0.0,0.0,0.0,0.0,0.0
2021.09.16,고흥군,0.0,0.003,0.02,0.016,0.0,0.0,0.006,0.0,0.0,0.0,0.0,0.0,0.0,0.0,0.0,0.0,0.0,0.0,0.0,0.0,0.0,0.0,0.0
2021.09.16,곡성군,0.071,0.545,0.0,0.392,0.0,0.0,0.009,0.267,0.0,0.921,0.0,0.0,0.0,0.0,0.0,0.0,0.004,0.0,0.0,0.0,0.0,0.154,0.009
2021.09.16,광양시,0.0,0.0,0.0,0.127,0.0,0.0,0.0,0.0,0.0,0.231,0.0,0.0,0.0,0.0,0.0,0.0,0.0,0.0,0.0,0.0,0.0,0.0,0.0
2021.09.16,구례군,0.022,0.0,0.0,0.0,0.0,0.0,0.0,0.0,0.0,0.0,0.0,0.0,0.0,0.0,0.0,0.0,0.0,0.0,0.0,0.0,0.0,0.0,0.007
2021.09.16,나주시,0.0,0.0,0.0,0.0,0.0,0.0,0.0,0.0,0.0,0.0,0.0,0.0,0.0,0.0,0.0,0.0,0.0,0.0,0.0,0.0,0.0,0.0,0.0
2021.09.16,담양군,0.002,0.006,0.003,0.004,0.0,0.0,0.0,0.0,0.0,0.013,0.0,0.0,0.0,0.0,0.0,0.0,0.0,0.0,0.0,0.0,0.0,0.0,0.001
2021.09.16,무안군,0.001,0.0,0.0,0.002,0.0,0.0,0.0,0.0,0.0,0.016,0.0,0.0,0.0,0.0,0.0,0.0,0.0,0.0,0.0,0.0,0.0,0.0,0.0
2021.09.16,보성군,0.125,0.0,0.029,0.051,0.001,0.01,0.005,0.0,0.0,0.09,0.0,0.0,0.0,0.0,0.0,0.0,0.0,0.0,0.0,0.0,0.0,0.003,0.0
2021.09.16,순천시,0.011,0.036,0.0,0.0,0.0,0.0,0.0,0.0,0.0,0.104,0.0,0.0,0.0,0.0,0.0,0.0,0.0,0.0,0.0,0.0,0.0,0.0,0.008
2021.09.16,신안군,0.004,0.0,0.011,0.0,0.0,0.0,0.0,0.0,0.0,0.01,0.0,0.0,0.0,0.0,0.0,0.0,0.0,0.0,0.0,0.0,0.0,0.0,0.0
2021.09.16,여수시,0.034,0.0,0.0,0.152,0.0,0.0,0.085,0.034,0.0,0.508,0.0,0.0,0.0,0.0,0.0,0.0,0.0,0.0,0.0,0.0,0.0,0.0,0.008
2021.09.16,영광군,0.004,0.001,0.001,0.004,0.0,0.004,0.001,0.001,0.0,0.032,0.0,0.0,0.0,0.0,0.0,0.0,0.0,0.0,0.0,0.0,0.0,0.0,0.0
2021.09.16,영암군,0.01,0.033,0.004,0.0,0.006,0.025,0.001,0.004,0.0,0.068,0.0,0.0,0.0,0.0,0.0,0.0,0.0,0.0,0.0,0.0,0.0,0.0,0.002
2021.09.16,완도군,0.042,0.0,0.264,0.183,0.0,0.0,0.003,0.0,0.0,0.0,0.0,0.0,0.0,0.0,0.0,0.0,0.0,0.0,0.0,0.0,0.0,0.008,0.0
2021.09.16,장성군,0.005,0.004,0.007,0.003,0.0,0.005,0.004,0.0,0.0,0.015,0.0,0.0,0.0,0.0,0.0,0.0,0.0,0.0,0.0,0.0,0.0,0.0,0.002
2021.09.16,장흥군,0.006,0.027,0.008,0.017,0.0,0.013,0.005,0.021,0.0,0.032,0.0,0.0,0.0,0.0,0.0,0.0,0.0,0.0,0.0,0.0,0.0,0.0,0.002
2021.09.16,진도군,0.084,0.002,0.022,0.019,0.001,0.018,0.053,0.0,0.0,0.097,0.0,0.0,0.0,0.0,0.0,0.003,0.0,0.0,0.0,0.0,0.0,0.0,0.0
2021.09.16,함평군,0.0,0.001,0.0,0.001,0.0,0.0,0.0,0.0,0.0,0.006,0.0,0.0,0.0,0.0,0.0,0.0,0.0,0.0,0.0,0.0,0.0,0.0,0.0
2021.09.16,해남군,0.005,0.0,0.001,0.0,0.0,0.0,0.0,0.0,0.0,0.0,0.0,0.0,0.0,0.0,0.0,0.0,0.0,0.0,0.0,0.0,0.0,0.0,0.0
2021.09.16,화순군,0.0,0.0,0.0,0.0,0.0,0.107,0.007,0.001,0.0,0.165,0.0,0.0,0.0,0.0,0.0,0.0,0.0,0.0,0.0,0.0,0.0,0.0,0.0
2022.06.01,강진군,0.0,0.0,0.0,0.0,0.0,0.0,0.0,0.0,0.0,0.0,0.0,0.0,0.0,0.0,0.0,0.0,0.0,0.0,0.0,0.0,0.0,0.0,0.0
2022.06.01,고흥군,0.0,0.0,0.0,0.0,0.0,0.0,0.0,0.0,0.0,0.0,0.0,0.0,0.0,0.0,0.0,0.0,0.0,0.0,0.0,0.0,0.0,0.0,0.0
2022.06.01,곡성군,0.0,0.0,0.0,0.0,0.0,0.0,0.0,0.0,0.0,0.0,0.0,0.0,0.0,0.0,0.0,0.0,0.0,0.0,0.0,0.0,0.0,0.0,0.0
2022.06.01,광양시,0.0,0.0,0.0,0.0,0.0,0.0,0.0,0.0,0.0,0.0,0.0,0.0,0.0,0.0,0.0,0.0,0.0,0.0,0.0,0.0,0.0,0.0,0.0
2022.06.01,구례군,0.0,0.0,0.0,0.0,0.0,0.0,0.0,0.0,0.0,0.0,0.0,0.0,0.0,0.0,0.0,0.0,0.0,0.0,0.0,0.0,0.0,0.0,0.0
2022.06.01,나주시,0.0,0.0,0.0,0.0,0.0,0.0,0.0,0.0,0.0,0.0,0.0,0.0,0.0,0.0,0.0,0.0,0.0,0.0,0.0,0.0,0.0,0.0,0.0
2022.06.01,담양군,0.0,0.0,0.0,0.0,0.0,0.0,0.0,0.0,0.0,0.0,0.0,0.0,0.0,0.0,0.0,0.0,0.0,0.0,0.0,0.0,0.0,0.0,0.0
2022.06.01,무안군,0.0,0.0,0.0,0.0,0.0,0.0,0.0,0.0,0.0,0.0,0.0,0.0,0.0,0.0,0.0,0.0,0.0,0.0,0.0,0.0,0.0,0.0,0.0
2022.06.01,보성군,0.0,0.0,0.0,0.0,0.0,0.0,0.0,0.0,0.0,0.0,0.0,0.0,0.0,0.0,0.0,0.0,0.0,0.0,0.0,0.0,0.0,0.0,0.0
2022.06.01,순천시,0.0,0.0,0.0,0.0,0.0,0.0,0.0,0.0,0.0,0.0,0.0,0.0,0.0,0.0,0.0,0.0,0.0,0.0,0.0,0.0,0.0,0.0,0.0
2022.06.01,신안군,0.0,0.0,0.0,0.0,0.0,0.0,0.0,0.0,0.0,0.0,0.0,0.0,0.0,0.0,0.0,0.0,0.0,0.0,0.0,0.0,0.0,0.0,0.0
2022.06.01,여수시,0.0,0.0,0.0,0.0,0.0,0.0,0.0,0.0,0.0,0.0,0.0,0.0,0.0,0.0,0.0,0.0,0.0,0.0,0.0,0.0,0.0,0.0,0.0
2022.06.01,영광군,0.0,0.0,0.0,0.0,0.0,0.0,0.0,0.0,0.0,0.0,0.0,0.0,0.0,0.0,0.0,0.0,0.0,0.0,0.0,0.0,0.0,0.0,0.0
2022.06.01,영암군,0.0,0.0,0.0,0.0,0.0,0.0,0.0,0.0,0.0,0.0,0.0,0.0,0.0,0.0,0.0,0.0,0.0,0.0,0.0,0.0,0.0,0.0,0.0
2022.06.01,완도군,0.0,0.0,0.0,0.0,0.0,0.0,0.0,0.0,0.0,0.0,0.0,0.0,0.0,0.0,0.0,0.0,0.0,0.0,0.0,0.0,0.0,0.0,0.0
2022.06.01,장성군,0.0,0.0,0.0,0.0,0.0,0.0,0.0,0.0,0.0,0.0,0.0,0.0,0.0,0.0,0.0,0.0,0.0,0.0,0.0,0.0,0.0,0.0,0.0
2022.06.01,장흥군,0.0,0.0,0.0,0.0,0.0,0.0,0.0,0.0,0.0,0.0,0.0,0.0,0.0,0.0,0.0,0.0,0.0,0.0,0.0,0.0,0.0,0.0,0.0
2022.06.01,진도군,0.0,0.0,0.0,0.0,0.0,0.0,0.0,0.0,0.0,0.0,0.0,0.0,0.003,0.0,0.002,0.002,0.001,0.0,0.0,0.0,0.0,0.0,0.0
2022.06.01,함평군,0.0,0.0,0.0,0.0,0.0,0.0,0.0,0.0,0.0,0.0,0.0,0.0,0.0,0.0,0.0,0.0,0.0,0.0,0.0,0.0,0.0,0.0,0.0
2022.06.01,해남군,0.0,0.0,0.0,0.0,0.0,0.0,0.0,0.0,0.0,0.0,0.0,0.0,0.0,0.0,0.0,0.0,0.0,0.0,0.0,0.0,0.0,0.0,0.0
2022.06.01,화순군,0.0,0.0,0.0,0.0,0.0,0.0,0.0,0.0,0.0,0.0,0.0,0.0,0.0,0.0,0.0,0.0,0.0,0.0,0.0,0.0,0.0,0.0,0.0
2022.06.16,강진군,0.0,0.0,0.0,0.0,0.0,0.0,0.0,0.0,0.0,0.0,0.0,0.0,0.0,0.0,0.0,0.0,0.0,0.0,0.0,0.0,0.0,0.0,0.0
2022.06.16,고흥군,0.0,0.0,0.0,0.0,0.0,0.0,0.0,0.0,0.0,0.0,0.0,0.0,0.0,0.0,0.0,0.0,0.0,0.0,0.0,0.0,0.0,0.0,0.0
2022.06.16,곡성군,0.0,0.0,0.0,0.0,0.0,0.0,0.0,0.0,0.0,0.0,0.0,0.0,0.0,0.0,0.0,0.0,0.004,0.0,0.0,0.0,0.0,0.0,0.0
2022.06.16,광양시,0.0,0.0,0.0,0.0,0.0,0.0,0.0,0.0,0.0,0.0,0.0,0.0,0.0,0.0,0.0,0.0,0.0,0.0,0.0,0.0,0.0,0.0,0.0
2022.06.16,구례군,0.0,0.0,0.0,0.0,0.0,0.0,0.0,0.0,0.0,0.0,0.0,0.0,0.0,0.0,0.0,0.0,0.022,0.0,0.0,0.0,0.0,0.0,0.0
2022.06.16,나주시,0.0,0.0,0.0,0.0,0.0,0.0,0.0,0.0,0.0,0.0,0.0,0.0,0.0,0.0,0.0,0.0,0.0,0.0,0.0,0.0,0.0,0.0,0.0
2022.06.16,담양군,0.0,0.0,0.0,0.0,0.0,0.0,0.0,0.0,0.0,0.0,0.0,0.0,0.0,0.0,0.0,0.0,0.0,0.0,0.0,0.0,0.0,0.0,0.0
2022.06.16,무안군,0.0,0.0,0.0,0.0,0.0,0.0,0.0,0.0,0.0,0.0,0.0,0.0,0.0,0.0,0.0,0.0,0.0,0.0,0.0,0.0,0.0,0.0,0.0
2022.06.16,보성군,0.0,0.0,0.0,0.0,0.0,0.0,0.0,0.0,0.0,0.0,0.0,0.0,0.0,0.0,0.0,0.0,0.003,0.0,0.0,0.0,0.0,0.0,0.0
2022.06.16,순천시,0.0,0.0,0.0,0.0,0.0,0.0,0.0,0.0,0.0,0.0,0.0,0.0,0.0,0.005,0.0,0.0,0.0,0.0,0.0,0.0,0.0,0.0,0.0
2022.06.16,신안군,0.0,0.0,0.0,0.0,0.0,0.0,0.0,0.0,0.0,0.0,0.0,0.0,0.0,0.0,0.0,0.0,0.0,0.0,0.0,0.0,0.0,0.0,0.0
2022.06.16,여수시,0.0,0.0,0.0,0.0,0.0,0.0,0.0,0.008,0.0,0.0,0.0,0.0,0.0,0.0,0.0,0.0,0.043,0.0,0.0,0.0,0.0,0.0,0.0
2022.06.16,영광군,0.0,0.0,0.0,0.0,0.0,0.0,0.0,0.0,0.0,0.0,0.0,0.0,0.0,0.0,0.0,0.0,0.003,0.0,0.0,0.0,0.0,0.0,0.0
2022.06.16,영암군,0.0,0.0,0.0,0.0,0.0,0.0,0.0,0.0,0.0,0.0,0.0,0.0,0.0,0.0,0.0,0.0,0.0,0.0,0.0,0.0,0.0,0.0,0.0
2022.06.16,완도군,0.0,0.0,0.0,0.0,0.0,0.0,0.0,0.0,0.0,0.0,0.0,0.0,0.0,0.0,0.0,0.0,0.0,0.0,0.0,0.0,0.0,0.0,0.0
2022.06.16,장성군,0.0,0.0,0.0,0.0,0.0,0.0,0.0,0.0,0.0,0.0,0.0,0.0,0.0,0.0,0.0,0.0,0.0,0.0,0.0,0.0,0.0,0.0,0.0
2022.06.16,장흥군,0.0,0.0,0.0,0.0,0.0,0.0,0.0,0.0,0.0,0.0,0.0,0.0,0.0,0.0,0.0,0.0,0.094,0.0,0.0,0.0,0.0,0.0,0.0
2022.06.16,진도군,0.0,0.0,0.0,0.0,0.0,0.003,0.0,0.0,0.0,0.0,0.0,0.0,0.008,0.0,0.017,0.0,0.006,0.0,0.0,0.0,0.0,0.0,0.0
2022.06.16,함평군,0.0,0.0,0.0,0.0,0.0,0.0,0.0,0.0,0.0,0.0,0.0,0.0,0.0,0.0,0.0,0.0,0.0,0.0,0.0,0.0,0.0,0.0,0.0
2022.06.16,해남군,0.0,0.0,0.0,0.0,0.0,0.0,0.0,0.0,0.0,0.0,0.0,0.0,0.0,0.0,0.0,0.0,0.0,0.0,0.0,0.0,0.0,0.0,0.0
2022.06.16,화순군,0.0,0.0,0.0,0.0,0.0,0.0,0.0,0.0,0.0,0.0,0.0,0.0,0.0,0.0,0.0,0.0,0.0,0.0,0.0,0.0,0.0,0.0,0.0
2022.07.01,강진군,0.0,0.0,0.0,0.0,0.0,0.0,0.0,0.0,0.0,0.0,0.0,0.0,0.0,0.0,0.0,0.0,0.0,0.0,0.0,0.0,0.0,0.0,0.0
2022.07.01,고흥군,0.0,0.0,0.0,0.0,0.0,0.0,0.0,0.0,0.0,0.0,0.0,0.0,0.0,0.0,0.0,0.0,0.0,0.0,0.0,0.0,0.0,0.0,0.0
2022.07.01,곡성군,0.0,0.0,0.0,0.0,0.0,0.0,0.0,0.0,0.0,0.0,0.0,0.0,0.0,0.0,0.0,0.0,0.0,0.0,0.0,0.0,0.0,0.0,0.0
2022.07.01,광양시,0.0,0.0,0.0,0.0,0.0,0.0,0.0,0.0,0.0,0.003,0.0,0.0,0.0,0.0,0.0,0.0,0.001,0.0,0.0,0.0,0.0,0.0,0.0
2022.07.01,구례군,0.0,0.0,0.0,0.0,0.0,0.0,0.0,0.0,0.0,0.0,0.0,0.0,0.0,0.0,0.0,0.0,0.0,0.0,0.0,0.0,0.0,0.0,0.0
2022.07.01,나주시,0.0,0.0,0.0,0.0,0.0,0.0,0.0,0.0,0.0,0.0,0.0,0.0,0.0,0.0,0.0,0.0,0.0,0.0,0.0,0.0,0.0,0.0,0.0
2022.07.01,담양군,0.0,0.0,0.0,0.0,0.0,0.0,0.0,0.0,0.0,0.0,0.0,0.0,0.0,0.0,0.0,0.0,0.0,0.0,0.0,0.0,0.0,0.0,0.0
2022.07.01,무안군,0.0,0.0,0.0,0.0,0.0,0.0,0.0,0.0,0.0,0.0,0.0,0.0,0.0,0.0,0.0,0.0,0.0,0.0,0.0,0.0,0.0,0.0,0.0
2022.07.01,보성군,0.0,0.0,0.0,0.0,0.0,0.0,0.0,0.0,0.0,0.0,0.0,0.0,0.0,0.0,0.0,0.0,0.0,0.0,0.0,0.0,0.0,0.0,0.0
2022.07.01,순천시,0.0,0.0,0.0,0.0,0.0,0.0,0.0,0.0,0.0,0.0,0.0,0.0,0.0,0.0,0.0,0.0,0.0,0.0,0.0,0.0,0.0,0.0,0.0
2022.07.01,신안군,0.0,0.0,0.0,0.0,0.0,0.0,0.0,0.0,0.0,0.0,0.0,0.0,0.0,0.0,0.0,0.0,0.0,0.0,0.0,0.0,0.0,0.0,0.0
2022.07.01,여수시,0.0,0.0,0.0,0.0,0.0,0.0,0.0,0.066,0.0,0.0,0.0,0.0,0.0,0.0,0.0,0.0,0.025,0.0,0.0,0.0,0.0,0.0,0.0
2022.07.01,영광군,0.0,0.0,0.0,0.0,0.0,0.0,0.0,0.0,0.0,0.001,0.0,0.0,0.0,0.0,0.0,0.0,0.0,0.0,0.0,0.0,0.0,0.0,0.0
2022.07.01,영암군,0.0,0.0,0.0,0.0,0.0,0.0,0.0,0.0,0.0,0.0,0.0,0.0,0.0,0.0,0.0,0.0,0.0,0.0,0.0,0.0,0.0,0.0,0.0
2022.07.01,완도군,0.0,0.0,0.0,0.0,0.0,0.0,0.0,0.0,0.0,0.0,0.0,0.0,0.0,0.0,0.0,0.0,0.0,0.0,0.0,0.0,0.0,0.0,0.0
2022.07.01,장성군,0.0,0.0,0.0,0.0,0.0,0.0,0.0,0.002,0.0,0.0,0.0,0.0,0.003,0.001,0.001,0.002,0.002,0.0,0.0,0.0,0.0,0.0,0.0
2022.07.01,장흥군,0.0,0.0,0.0,0.0,0.0,0.0,0.0,0.0,0.0,0.0,0.0,0.0,0.0,0.0,0.0,0.0,0.094,0.0,0.0,0.0,0.0,0.0,0.0
2022.07.01,진도군,0.0,0.0,0.0,0.0,0.0,0.036,0.0,0.0,0.0,0.0,0.0,0.0,0.016,0.016,0.163,0.0,0.005,0.0,0.0,0.0,0.0,0.0,0.0
2022.07.01,함평군,0.0,0.0,0.0,0.0,0.0,0.0,0.0,0.0,0.0,0.0,0.0,0.0,0.0,0.0,0.0,0.0,0.0,0.0,0.0,0.0,0.0,0.0,0.0
2022.07.01,해남군,0.0,0.0,0.0,0.0,0.0,0.0,0.0,0.001,0.0,0.0,0.0,0.0,0.0,0.0,0.0,0.0,0.0,0.0,0.0,0.0,0.0,0.0,0.0
2022.07.01,화순군,0.0,0.0,0.0,0.0,0.0,0.0,0.0,0.009,0.0,0.0,0.0,0.0,0.0,0.0,0.0,0.0,0.0,0.0,0.0,0.0,0.0,0.0,0.0
2022.07.16,강진군,0.0,0.0,0.0,0.0,0.0,0.0,0.0,0.0,0.0,0.002,0.0,0.0,0.0,0.0,0.0,0.0,0.0,0.0,0.0,0.0,0.0,0.0,0.0
2022.07.16,고흥군,0.0,0.0,0.0,0.0,0.0,0.0,0.0,0.0,0.0,0.0,0.0,0.0,0.0,0.0,0.0,0.0,0.0,0.0,0.0,0.0,0.0,0.0,0.0
2022.07.16,곡성군,0.0,0.0,0.0,0.0,0.0,0.0,0.0,0.0,0.0,0.0,0.0,0.0,0.0,0.0,0.0,0.0,0.0,0.0,0.0,0.0,0.0,0.0,0.0
2022.07.16,광양시,0.0,0.0,0.0,0.0,0.0,0.0,0.0,0.0,0.0,0.0,0.0,0.0,0.0,0.0,0.0,0.0,0.015,0.0,0.0,0.0,0.0,0.0,0.0
2022.07.16,구례군,0.0,0.0,0.0,0.0,0.0,0.0,0.0,0.0,0.0,0.0,0.0,0.0,0.0,0.0,0.0,0.0,0.0,0.0,0.0,0.0,0.0,0.0,0.0
2022.07.16,나주시,0.0,0.0,0.0,0.0,0.0,0.0,0.0,0.0,0.0,0.0,0.0,0.0,0.0,0.0,0.0,0.0,0.0,0.0,0.0,0.0,0.0,0.0,0.0
2022.07.16,담양군,0.0,0.0,0.0,0.0,0.0,0.0,0.0,0.0,0.0,0.0,0.0,0.0,0.0,0.0,0.0,0.001,0.0,0.0,0.0,0.0,0.0,0.0,0.0
2022.07.16,무안군,0.0,0.0,0.0,0.0,0.0,0.0,0.0,0.0,0.0,0.001,0.0,0.0,0.0,0.0,0.0,0.0,0.0,0.0,0.0,0.0,0.0,0.0,0.0
2022.07.16,보성군,0.0,0.0,0.0,0.0,0.0,0.012,0.0,0.0,0.0,0.005,0.0,0.0,0.0,0.0,0.0,0.0,0.0,0.0,0.0,0.0,0.0,0.0,0.0
2022.07.16,순천시,0.0,0.0,0.0,0.0,0.0,0.0,0.0,0.0,0.0,0.04,0.0,0.0,0.0,0.0,0.0,0.0,0.0,0.0,0.0,0.0,0.0,0.0,0.0
2022.07.16,신안군,0.0,0.0,0.0,0.0,0.0,0.0,0.0,0.0,0.0,0.0,0.0,0.0,0.0,0.0,0.0,0.0,0.0,0.0,0.0,0.0,0.0,0.0,0.0
2022.07.16,여수시,0.0,0.0,0.0,0.0,0.0,0.0,0.0,0.01,0.001,0.033,0.0,0.0,0.0,0.0,0.0,0.0,0.004,0.0,0.0,0.0,0.0,0.0,0.0
2022.07.16,영광군,0.0,0.0,0.0,0.0,0.0,0.0,0.0,0.0,0.0,0.001,0.0,0.0,0.0,0.0,0.0,0.0,0.0,0.0,0.001,0.0,0.0,0.0,0.0
2022.07.16,영암군,0.0,0.0,0.0,0.0,0.0,0.0,0.0,0.0,0.0,0.001,0.0,0.0,0.0,0.0,0.0,0.0,0.0,0.0,0.0,0.0,0.0,0.0,0.0
2022.07.16,완도군,0.0,0.0,0.0,0.0,0.0,0.0,0.0,0.0,0.0,0.0,0.0,0.0,0.0,0.0,0.0,0.0,0.0,0.0,0.0,0.0,0.0,0.0,0.0
2022.07.16,장성군,0.0,0.001,0.0,0.0,0.0,0.0,0.0,0.002,0.0,0.001,0.0,0.001,0.002,0.0,0.0,0.001,0.002,0.0,0.001,0.0,0.0,0.0,0.0
2022.07.16,장흥군,0.0,0.0,0.0,0.0,0.0,0.001,0.002,0.002,0.0,0.0,0.0,0.0,0.0,0.0,0.0,0.0,0.0,0.0,0.0,0.0,0.0,0.0,0.0
2022.07.16,진도군,0.0,0.0,0.0,0.0,0.0,1.643,0.012,0.0,0.0,0.0,0.0,0.0,0.0,0.0,0.897,0.115,0.0,0.0,0.001,0.0,0.0,0.0,0.0
2022.07.16,함평군,0.0,0.0,0.0,0.0,0.0,0.0,0.0,0.0,0.0,0.0,0.0,0.0,0.0,0.0,0.0,0.0,0.0,0.0,0.0,0.0,0.0,0.0,0.0
2022.07.16,해남군,0.0,0.0,0.0,0.0,0.0,0.002,0.0,0.0,0.0,0.0,0.0,0.0,0.0,0.0,0.0,0.0,0.0,0.0,0.0,0.0,0.0,0.0,0.0
2022.07.16,화순군,0.0,0.0,0.0,0.0,0.0,0.0,0.0,0.005,0.0,0.0,0.0,0.0,0.0,0.0,0.032,0.0,0.0,0.0,0.0,0.0,0.0,0.0,0.0
2022.08.01,강진군,0.0,0.002,0.0,0.0,0.0,0.0,0.002,0.001,0.0,0.0,0.0,0.0,0.0,0.0,0.0,0.001,0.0,0.0,0.0,0.0,0.0,0.0,0.0
2022.08.01,고흥군,0.0,0.0,0.0,0.005,0.0,0.0,0.097,0.0,0.0,0.027,0.0,0.0,0.0,0.0,0.0,0.0,0.0,0.0,0.0,0.0,0.0,0.0,0.0
2022.08.01,곡성군,0.0,0.0,0.0,0.0,0.0,0.0,0.0,0.0,0.0,0.0,0.0,0.0,0.0,0.0,0.0,0.0,0.0,0.0,0.0,0.0,0.0,0.0,0.0
2022.08.01,광양시,0.0,0.0,0.0,0.0,0.0,0.005,0.0,0.0,0.0,0.017,0.0,0.0,0.0,0.0,0.0,0.0,0.007,0.0,0.0,0.0,0.0,0.0,0.0
2022.08.01,구례군,0.0,0.0,0.0,0.0,0.0,0.0,0.0,0.0,0.0,0.0,0.0,0.0,0.0,0.0,0.0,0.0,0.0,0.0,0.0,0.0,0.0,0.0,0.0
2022.08.01,나주시,0.0,0.0,0.0,0.0,0.0,0.0,0.0,0.0,0.0,0.0,0.0,0.0,0.0,0.0,0.0,0.0,0.0,0.0,0.0,0.0,0.0,0.0,0.0
2022.08.01,담양군,0.0,0.002,0.0,0.0,0.0,0.0,0.006,0.0,0.0,0.058,0.0,0.0,0.0,0.0,0.0,0.002,0.0,0.0,0.0,0.0,0.0,0.0,0.0
2022.08.01,무안군,0.0,0.0,0.0,0.0,0.0,0.0,0.0,0.0,0.0,0.003,0.0,0.0,0.0,0.0,0.0,0.0,0.0,0.0,0.0,0.0,0.0,0.0,0.0
2022.08.01,보성군,0.0,0.0,0.0,0.0,0.002,0.015,0.004,0.001,0.0,0.008,0.0,0.0,0.0,0.0,0.0,0.0,0.0,0.0,0.0,0.0,0.0,0.0,0.0
2022.08.01,순천시,0.0,0.0,0.0,0.005,0.0,0.0,0.05,0.0,0.004,0.082,0.0,0.0,0.0,0.0,0.0,0.0,0.0,0.0,0.0,0.0,0.0,0.0,0.0
2022.08.01,신안군,0.0,0.0,0.0,0.0,0.0,0.0,0.002,0.0,0.0,0.004,0.0,0.0,0.0,0.0,0.0,0.0,0.0,0.0,0.0,0.0,0.0,0.0,0.0
2022.08.01,여수시,0.0,0.0,0.0,0.0,0.0,0.0,0.0,0.0,0.0,0.0,0.0,0.0,0.0,0.0,0.0,0.0,0.0,0.0,0.0,0.0,0.0,0.0,0.0
2022.08.01,영광군,0.0,0.0,0.0,0.001,0.0,0.003,0.001,0.005,0.0,0.019,0.0,0.0,0.0,0.0,0.0,0.0,0.0,0.0,0.0,0.0,0.0,0.0,0.0
2022.08.01,영암군,0.0,0.0,0.0,0.0,0.0,0.002,0.001,0.001,0.0,0.069,0.0,0.0,0.0,0.0,0.0,0.0,0.0,0.0,0.0,0.0,0.0,0.0,0.0
2022.08.01,완도군,0.0,0.0,0.0,0.0,0.0,0.0,0.0,0.0,0.0,0.0,0.0,0.0,0.0,0.0,0.0,0.0,0.0,0.0,0.0,0.0,0.0,0.0,0.0
2022.08.01,장성군,0.0,0.001,0.0,0.0,0.0,0.0,0.0,0.002,0.0,0.005,0.0,0.0,0.002,0.0,0.002,0.0,0.0,0.0,0.001,0.0,0.0,0.0,0.0
2022.08.01,장흥군,0.0,0.005,0.0,0.0,0.0,0.165,0.062,0.0,0.005,0.158,0.0,0.0,0.0,0.0,0.0,0.0,0.0,0.0,0.008,0.0,0.0,0.0,0.0
2022.08.01,진도군,0.0,0.0,0.0,0.0,0.004,0.037,0.027,0.0,0.0,0.007,0.0,0.0,0.0,0.0,0.014,0.016,0.0,0.0,0.0,0.0,0.0,0.0,0.0
2022.08.01,함평군,0.0,0.0,0.0,0.0,0.0,0.0,0.0,0.0,0.0,0.0,0.0,0.0,0.0,0.0,0.0,0.0,0.0,0.0,0.0,0.0,0.0,0.0,0.0
2022.08.01,화순군,0.0,0.0,0.0,0.0,0.0,0.009,0.0,0.002,0.0,0.0,0.0,0.0,0.0,0.0,0.0,0.0,0.0,0.0,0.0,0.0,0.0,0.0,0.0
2022.08.16,강진군,0.0,0.0,0.0,0.001,0.0,0.003,0.0,0.0,0.0,0.001,0.0,0.0,0.0,0.0,0.001,0.002,0.0,0.0,0.0,0.0,0.0,0.0,0.0
2022.08.16,고흥군,0.0,0.0,0.0,0.009,0.0,0.0,0.035,0.0,0.0,0.048,0.0,0.0,0.0,0.0,0.0,0.002,0.0,0.0,0.0,0.0,0.0,0.0,0.0
2022.08.16,광양시,0.0,0.0,0.0,0.0,0.0,0.0,0.0,0.0,0.0,0.0,0.0,0.0,0.0,0.0,0.0,0.0,0.009,0.0,0.0,0.0,0.0,0.0,0.0
2022.08.16,구례군,0.0,0.0,0.0,0.0,0.0,0.0,0.0,0.0,0.0,0.003,0.0,0.0,0.0,0.0,0.0,0.0,0.0,0.0,0.0,0.0,0.0,0.0,0.0
2022.08.16,담양군,0.0,0.005,0.0,0.0,0.0,0.0,0.006,0.0,0.0,0.036,0.0,0.0,0.0,0.0,0.0,0.004,0.0,0.001,0.0,0.0,0.0,0.0,0.0
2022.08.16,무안군,0.0,0.0,0.0,0.0,0.0,0.0,0.0,0.0,0.0,0.006,0.0,0.0,0.0,0.0,0.0,0.0,0.0,0.0,0.0,0.0,0.0,0.0,0.0
2022.08.16,보성군,0.0,0.0,0.0,0.0,0.0,0.0,0.0,0.0,0.0,0.0,0.0,0.0,0.0,0.0,0.0,0.0,0.0,0.0,0.0,0.0,0.0,0.0,0.0
2022.08.16,순천시,0.0,0.0,0.0,0.0,0.0,0.0,0.0,0.0,0.0,0.08,0.0,0.0,0.0,0.0,0.0,0.0,0.0,0.0,0.0,0.0,0.0,0.0,0.0
2022.08.16,여수시,0.004,0.0,0.007,0.0,0.0,0.025,0.0,0.0,0.001,3.482,0.0,0.0,0.0,0.0,0.0,0.0,0.0,0.0,0.0,0.0,0.0,0.0,0.0
2022.08.16,영암군,0.0,0.0,0.0,0.002,0.003,0.009,0.001,0.0,0.0,0.015,0.0,0.0,0.0,0.0,0.0,0.0,0.0,0.0,0.0,0.0,0.0,0.0,0.0
2022.08.16,완도군,0.0,0.0,0.0,0.0,0.0,0.0,0.0,0.0,0.0,0.0,0.0,0.0,0.0,0.0,0.0,0.0,0.0,0.0,0.0,0.0,0.0,0.0,0.0
2022.08.16,장성군,0.0,0.002,0.0,0.0,0.0,0.003,0.004,0.0,0.0,0.007,0.0,0.0,0.0,0.0,0.003,0.0,0.0,0.0,0.0,0.0,0.0,0.0,0.001
2022.08.16,장흥군,0.0,0.005,0.0,0.0,0.0,0.167,0.063,0.0,0.006,0.184,0.0,0.0,0.0,0.0,0.0,0.0,0.0,0.0,0.007,0.0,0.0,0.0,0.0
2022.08.16,진도군,0.0,0.0,0.0,0.002,0.001,0.04,0.014,0.003,0.0,0.012,0.0,0.0,0.0,0.0,0.004,0.018,0.0,0.0,0.0,0.0,0.0,0.0,0.0
2022.08.16,함평군,0.0,0.0,0.0,0.0,0.0,0.0,0.0,0.0,0.0,0.0,0.0,0.0,0.0,0.0,0.0,0.0,0.0,0.0,0.0,0.0,0.0,0.0,0.0
2022.08.16,해남군,0.0,0.0,0.0,0.0,0.0,0.001,0.001,0.0,0.0,0.003,0.0,0.0,0.0,0.0,0.0,0.0,0.0,0.0,0.0,0.0,0.0,0.0,0.0
2022.08.16,화순군,0.0,0.0,0.0,0.0,0.0,0.017,0.0,0.0,0.0,0.0,0.0,0.0,0.0,0.0,0.0,0.0,0.0,0.0,0.0,0.0,0.0,0.0,0.0
2022.09.01,강진군,0.0,0.003,0.002,0.002,0.0,0.001,0.001,0.0,0.0,0.0,0.0,0.0,0.0,0.0,0.0,0.002,0.0,0.0,0.0,0.0,0.0,0.0,0.0
2022.09.01,고흥군,0.0,0.0,0.004,0.038,0.0,0.232,0.017,0.0,0.0,0.046,0.0,0.0,0.0,0.0,0.0,0.016,0.0,0.0,0.0,0.0,0.0,0.0,0.0
2022.09.01,곡성군,0.0,0.0,0.0,0.0,0.0,0.0,0.0,0.0,0.0,1.926,0.0,0.0,0.0,0.0,0.0,0.0,0.0,0.0,0.0,0.0,0.0,0.0,0.0
2022.09.01,광양시,0.0,0.0,0.0,0.0,0.0,0.137,0.023,0.0,0.0,0.616,0.0,0.0,0.0,0.0,0.0,0.0,0.073,0.0,0.0,0.0,0.0,0.0,0.0
2022.09.01,구례군,0.0,0.009,0.002,0.0,0.0,0.0,0.0,0.0,0.0,0.024,0.0,0.0,0.0,0.0,0.0,0.0,0.0,0.0,0.0,0.0,0.0,0.0,0.0
2022.09.01,담양군,0.004,0.04,0.008,0.005,0.004,0.004,0.007,0.002,0.0,0.087,0.0,0.0,0.0,0.0,0.0,0.001,0.0,0.0,0.0,0.0,0.0,0.0,0.0
2022.09.01,보성군,0.001,0.0,0.001,0.002,0.001,0.001,0.003,0.0,0.0,0.005,0.0,0.0,0.0,0.0,0.0,0.0,0.0,0.0,0.0,0.0,0.0,0.0,0.0
2022.09.01,순천시,0.0,0.0,0.022,0.026,0.0,0.0,0.039,0.0,0.0,0.0,0.0,0.0,0.0,0.0,0.0,0.0,0.0,0.0,0.0,0.0,0.0,0.0,0.004
2022.09.01,신안군,0.0,0.0,0.001,0.001,0.0,0.0,0.0,0.0,0.0,0.005,0.0,0.0,0.0,0.0,0.0,0.0,0.0,0.0,0.0,0.0,0.0,0.0,0.0
2022.09.01,여수시,0.002,0.0,0.058,0.0,0.027,0.0,0.038,0.0,0.002,0.127,0.0,0.0,0.0,0.0,0.0,0.0,0.0,0.0,0.0,0.0,0.0,0.0,0.002
2022.09.01,영암군,0.002,0.001,0.002,0.0,0.004,0.013,0.001,0.002,0.0,0.031,0.0,0.0,0.0,0.0,0.0,0.0,0.0,0.0,0.0,0.0,0.0,0.0,0.0
2022.09.01,완도군,0.0,0.0,0.0,0.0,0.0,0.0,0.0,0.0,0.0,0.0,0.0,0.0,0.0,0.0,0.0,0.0,0.0,0.0,0.0,0.0,0.0,0.0,0.0
2022.09.01,장성군,0.002,0.001,0.002,0.001,0.0,0.003,0.006,0.0,0.0,0.008,0.0,0.0,0.0,0.0,0.0,0.0,0.0,0.0,0.001,0.0,0.0,0.0,0.001
2022.09.01,장흥군,0.003,0.0,0.025,0.0,0.0,0.0,0.191,0.0,0.0,0.117,0.0,0.0,0.0,0.0,0.0,0.0,0.0,0.0,0.0,0.0,0.0,0.0,0.0
2022.09.01,진도군,0.0,0.0,0.042,0.008,0.254,0.026,0.198,0.008,0.0,0.095,0.0,0.0,0.0,0.0,0.0,0.0,0.0,0.0,0.0,0.0,0.0,0.001,0.0
2022.09.01,해남군,0.0,0.0,0.002,0.0,0.0,0.0,0.0,0.0,0.0,0.003,0.0,0.0,0.0,0.0,0.0,0.0,0.0,0.0,0.0,0.0,0.0,0.0,0.0
2022.09.01,화순군,0.0,0.0,0.0,0.0,0.0,0.042,0.005,0.0,0.0,0.035,0.0,0.0,0.0,0.0,0.0,0.0,0.003,0.0,0.0,0.0,0.0,0.0,0.0
2022.09.16,강진군,0.001,0.001,0.002,0.002,0.0,0.0,0.0,0.0,0.0,0.0,0.0,0.0,0.0,0.0,0.0,0.0,0.0,0.0,0.0,0.0,0.0,0.0,0.0
2022.09.16,고흥군,0.0,0.003,0.0,0.124,0.03,0.039,0.012,0.0,0.0,0.0,0.0,0.0,0.0,0.0,0.0,0.0,0.0,0.0,0.0,0.0,0.0,0.0,0.0
2022.09.16,곡성군,0.0,0.0,0.0,0.0,0.0,0.0,0.0,0.0,0.0,2.049,0.0,0.0,0.0,0.0,0.0,0.0,0.0,0.0,0.0,0.0,0.0,0.0,0.0
2022.09.16,광양시,0.0,0.0,0.0,0.046,0.0,0.0,0.0,0.0,0.0,0.051,0.0,0.0,0.0,0.0,0.0,0.0,0.0,0.0,0.0,0.0,0.0,0.0,0.0
2022.09.16,구례군,0.0,0.009,0.002,0.0,0.0,0.0,0.0,0.0,0.0,0.024,0.0,0.0,0.0,0.0,0.0,0.0,0.0,0.0,0.0,0.0,0.0,0.0,0.0
2022.09.16,나주시,0.0,0.0,0.015,0.0,0.0,0.0,0.0,0.0,0.0,0.002,0.0,0.0,0.0,0.0,0.0,0.0,0.0,0.0,0.0,0.0,0.0,0.0,0.0
2022.09.16,담양군,0.007,0.043,0.017,0.007,0.0,0.0,0.007,0.0,0.0,0.032,0.0,0.0,0.0,0.0,0.0,0.0,0.0,0.0,0.0,0.0,0.0,0.0,0.0
2022.09.16,무안군,0.0,0.0,0.001,0.003,0.0,0.0,0.0,0.0,0.0,0.011,0.0,0.0,0.0,0.0,0.0,0.0,0.0,0.0,0.0,0.0,0.0,0.0,0.0
2022.09.16,보성군,0.016,0.0,0.0,0.135,0.001,0.0,0.0,0.0,0.0,0.306,0.0,0.0,0.0,0.0,0.0,0.0,0.0,0.0,0.0,0.0,0.0,0.003,0.0
2022.09.16,순천시,0.0,0.0,0.014,0.0,0.0,0.0,0.026,0.0,0.0,0.109,0.0,0.0,0.0,0.0,0.0,0.0,0.0,0.0,0.0,0.0,0.0,0.0,0.004
2022.09.16,신안군,0.0,0.0,0.0,0.01,0.0,0.0,0.0,0.0,0.0,0.011,0.0,0.0,0.0,0.0,0.0,0.0,0.0,0.0,0.0,0.0,0.0,0.0,0.0
2022.09.16,여수시,0.015,0.0,1.117,1.895,0.0,0.0,1.509,0.0,0.491,1.218,0.0,0.0,0.0,0.0,0.0,0.0,0.0,0.0,0.0,0.0,0.0,0.0,0.994
2022.09.16,영광군,0.001,0.004,0.012,0.004,0.0,0.0,0.0,0.0,0.0,0.075,0.0,0.0,0.0,0.0,0.0,0.0,0.0,0.0,0.0,0.0,0.0,0.0,0.0
2022.09.16,완도군,0.0,0.0,0.0,0.0,0.0,0.0,0.0,0.0,0.0,0.0,0.0,0.0,0.0,0.0,0.0,0.0,0.0,0.0,0.0,0.0,0.0,0.0,0.0
2022.09.16,장성군,0.003,0.002,0.002,0.002,0.0,0.007,0.005,0.0,0.0,0.006,0.0,0.0,0.0,0.0,0.0,0.0,0.0,0.0,0.0,0.0,0.0,0.0,0.002
2022.09.16,장흥군,0.0,0.17,0.008,0.0,0.0,0.0,0.021,0.0,0.0,0.159,0.0,0.0,0.0,0.0,0.0,0.0,0.0,0.0,0.0,0.0,0.0,0.003,0.0
2022.09.16,진도군,0.002,0.016,0.009,0.04,0.024,0.0,0.035,0.0,0.0,0.079,0.0,0.0,0.0,0.0,0.0,0.0,0.0,0.0,0.0,0.0,0.0,0.0,0.001
2022.09.16,함평군,0.0,0.0,0.0,0.0,0.0,0.0,0.0,0.0,0.0,0.0,0.0,0.0,0.0,0.0,0.0,0.0,0.0,0.0,0.0,0.0,0.0,0.0,0.0
2022.09.16,해남군,0.0,0.0,0.0,0.0,0.001,0.0,0.001,0.0,0.0,0.001,0.0,0.0,0.0,0.0,0.0,0.0,0.0,0.0,0.0,0.0,0.0,0.0,0.0
2022.09.16,화순군,0.0,0.0,0.0,0.0,0.0,0.023,0.04,0.0,0.0,0.167,0.0,0.0,0.0,0.0,0.0,0.0,0.0,0.0,0.0,0.0,0.0,0.0,0.0
2023.06.01,강진군,0.0,0.0,0.0,0.0,0.0,0.0,0.0,0.0,0.0,0.0,0.0,0.0,0.0,0.0,0.0,0.0,0.0,0.0,0.0,0.0,0.0,0.0,0.0
2023.06.01,곡성군,0.0,0.0,0.0,0.0,0.0,0.0,0.0,0.0,0.0,0.0,0.0,0.0,0.0,0.0,0.0,0.0,0.0,0.0,0.0,0.0,0.0,0.0,0.0
2023.06.01,광양시,0.0,0.0,0.0,0.0,0.0,0.0,0.0,0.0,0.0,0.0,0.0,0.0,0.0,0.0,0.0,0.0,0.0,0.0,0.0,0.0,0.0,0.0,0.0
2023.06.01,구례군,0.0,0.0,0.0,0.0,0.0,0.0,0.0,0.0,0.0,0.0,0.0,0.0,0.0,0.0,0.0,0.0,0.011,0.0,0.0,0.0,0.0,0.0,0.0
2023.06.01,나주시,0.0,0.0,0.0,0.0,0.0,0.0,0.0,0.0,0.0,0.0,0.0,0.0,0.0,0.0,0.0,0.0,0.0,0.0,0.0,0.0,0.0,0.0,0.0
2023.06.01,담양군,0.0,0.0,0.0,0.0,0.0,0.0,0.0,0.0,0.0,0.0,0.0,0.0,0.0,0.0,0.0,0.0,0.0,0.0,0.0,0.0,0.0,0.0,0.0
2023.06.01,무안군,0.0,0.0,0.0,0.0,0.0,0.0,0.0,0.0,0.0,0.0,0.0,0.0,0.0,0.0,0.0,0.0,0.0,0.0,0.0,0.0,0.0,0.0,0.0
2023.06.01,보성군,0.0,0.0,0.0,0.0,0.0,0.0,0.0,0.0,0.0,0.0,0.0,0.0,0.0,0.0,0.0,0.0,0.0,0.0,0.0,0.0,0.0,0.0,0.0
2023.06.01,순천시,0.0,0.0,0.0,0.0,0.0,0.0,0.0,0.0,0.0,0.0,0.0,0.0,0.0,0.0,0.0,0.0,0.0,0.0,0.0,0.0,0.0,0.0,0.0
2023.06.01,신안군,0.0,0.0,0.0,0.0,0.0,0.0,0.0,0.0,0.0,0.0,0.0,0.0,0.0,0.0,0.0,0.0,0.0,0.0,0.0,0.0,0.0,0.0,0.0
2023.06.01,여수시,0.0,0.0,0.0,0.0,0.0,0.0,0.0,0.0,0.0,0.0,0.0,0.0,0.0,0.0,0.0,0.0,0.0,0.0,0.0,0.0,0.0,0.0,0.0
2023.06.01,영광군,0.0,0.0,0.0,0.0,0.0,0.0,0.0,0.0,0.0,0.0,0.0,0.0,0.0,0.0,0.0,0.0,0.0,0.0,0.0,0.0,0.0,0.0,0.0
2023.06.01,영암군,0.0,0.0,0.0,0.0,0.0,0.0,0.0,0.0,0.0,0.0,0.0,0.0,0.0,0.0,0.0,0.0,0.0,0.0,0.0,0.0,0.0,0.0,0.0
2023.06.01,완도군,0.0,0.0,0.0,0.0,0.0,0.0,0.0,0.0,0.0,0.0,0.0,0.0,0.0,0.0,0.0,0.0,0.0,0.0,0.0,0.0,0.0,0.0,0.0
2023.06.01,장성군,0.0,0.0,0.0,0.0,0.0,0.0,0.0,0.0,0.0,0.0,0.0,0.0,0.0,0.0,0.0,0.0,0.0,0.0,0.0,0.0,0.0,0.0,0.0
2023.06.01,장흥군,0.0,0.0,0.0,0.0,0.0,0.0,0.0,0.0,0.0,0.0,0.0,0.0,0.0,0.0,0.0,0.0,0.0,0.0,0.0,0.0,0.0,0.0,0.0
2023.06.01,진도군,0.0,0.0,0.0,0.0,0.0,0.0,0.0,0.002,0.0,0.0,0.0,0.0,0.002,0.0,0.008,0.0,0.005,0.0,0.0,0.0,0.0,0.0,0.0
2023.06.01,함평군,0.0,0.0,0.0,0.0,0.0,0.0,0.0,0.0,0.0,0.0,0.0,0.0,0.0,0.0,0.0,0.0,0.0,0.0,0.0,0.0,0.0,0.0,0.0
2023.06.01,해남군,0.0,0.0,0.0,0.0,0.0,0.0,0.0,0.0,0.0,0.0,0.0,0.0,0.0,0.0,0.0,0.0,0.0,0.0,0.0,0.0,0.0,0.0,0.0
2023.06.01,화순군,0.0,0.0,0.0,0.0,0.0,0.0,0.0,0.0,0.0,0.0,0.0,0.0,0.0,0.0,0.0,0.0,0.0,0.0,0.0,0.0,0.0,0.0,0.0
2023.06.16,강진군,0.0,0.0,0.0,0.0,0.0,0.0,0.0,0.0,0.0,0.0,0.0,0.0,0.0,0.0,0.0,0.0,0.0,0.0,0.0,0.0,0.0,0.0,0.0
2023.06.16,곡성군,0.0,0.0,0.0,0.0,0.0,0.0,0.0,0.0,0.0,0.0,0.0,0.0,0.0,0.0,0.0,0.0,0.009,0.0,0.0,0.0,0.0,0.0,0.0
2023.06.16,광양시,0.0,0.0,0.0,0.0,0.0,0.0,0.0,0.0,0.0,0.0,0.0,0.0,0.0,0.0,0.0,0.0,0.0,0.0,0.0,0.0,0.0,0.0,0.0
2023.06.16,구례군,0.0,0.0,0.0,0.0,0.0,0.0,0.0,0.0,0.0,0.0,0.0,0.0,0.0,0.0,0.0,0.0,0.0,0.0,0.0,0.0,0.0,0.0,0.0
2023.06.16,나주시,0.0,0.0,0.0,0.0,0.0,0.0,0.0,0.0,0.0,0.0,0.0,0.0,0.0,0.0,0.0,0.0,0.0,0.0,0.0,0.0,0.0,0.0,0.0
2023.06.16,담양군,0.0,0.0,0.0,0.0,0.0,0.0,0.0,0.0,0.0,0.0,0.0,0.0,0.0,0.0,0.0,0.0,0.0,0.0,0.0,0.0,0.0,0.0,0.0
2023.06.16,무안군,0.0,0.0,0.0,0.0,0.0,0.0,0.0,0.0,0.0,0.0,0.0,0.0,0.0,0.0,0.0,0.0,0.0,0.0,0.0,0.0,0.0,0.0,0.0
2023.06.16,보성군,0.0,0.0,0.0,0.0,0.0,0.0,0.0,0.0,0.0,0.0,0.0,0.0,0.0,0.0,0.0,0.0,0.0,0.0,0.0,0.0,0.0,0.0,0.0
2023.06.16,순천시,0.0,0.0,0.0,0.0,0.0,0.0,0.0,0.0,0.0,0.0,0.0,0.0,0.0,0.0,0.0,0.0,0.0,0.0,0.0,0.0,0.0,0.0,0.0
2023.06.16,신안군,0.0,0.0,0.0,0.0,0.0,0.0,0.0,0.0,0.0,0.0,0.0,0.0,0.0,0.0,0.0,0.0,0.0,0.0,0.0,0.0,0.0,0.0,0.0
2023.06.16,여수시,0.0,0.0,0.0,0.0,0.0,0.0,0.0,0.0,0.0,0.0,0.0,0.0,0.0,0.0,0.0,0.0,0.043,0.0,0.0,0.0,0.0,0.0,0.0
2023.06.16,영광군,0.0,0.0,0.0,0.0,0.0,0.0,0.0,0.0,0.0,0.0,0.0,0.0,0.0,0.0,0.0,0.0,0.0,0.0,0.0,0.0,0.0,0.0,0.0
2023.06.16,영암군,0.0,0.0,0.0,0.0,0.0,0.0,0.0,0.001,0.0,0.0,0.0,0.0,0.0,0.0,0.0,0.0,0.001,0.0,0.0,0.0,0.0,0.0,0.0
2023.06.16,완도군,0.0,0.0,0.0,0.0,0.0,0.0,0.0,0.0,0.0,0.0,0.0,0.0,0.0,0.0,0.0,0.0,0.0,0.0,0.0,0.0,0.0,0.0,0.0
2023.06.16,장성군,0.0,0.0,0.0,0.0,0.0,0.0,0.0,0.0,0.0,0.0,0.001,0.0,0.001,0.001,0.003,0.0,0.003,0.0,0.0,0.0,0.0,0.0,0.0
2023.06.16,장흥군,0.0,0.0,0.0,0.0,0.0,0.0,0.0,0.0,0.0,0.0,0.0,0.0,0.0,0.0,0.0,0.0,0.093,0.0,0.0,0.0,0.0,0.0,0.0
2023.06.16,진도군,0.0,0.0,0.0,0.0,0.0,0.0,0.0,0.001,0.0,0.0,0.0,0.0,0.023,0.0,0.178,0.0,0.014,0.0,0.0,0.0,0.0,0.0,0.0
2023.06.16,함평군,0.0,0.0,0.0,0.0,0.0,0.0,0.0,0.0,0.0,0.0,0.0,0.0,0.0,0.0,0.0,0.0,0.003,0.0,0.0,0.0,0.0,0.0,0.0
2023.06.16,해남군,0.0,0.0,0.0,0.0,0.0,0.0,0.0,0.0,0.0,0.0,0.0,0.0,0.0,0.0,0.0,0.0,0.0,0.0,0.0,0.0,0.0,0.0,0.0
2023.06.16,화순군,0.0,0.0,0.0,0.0,0.0,0.0,0.0,0.0,0.0,0.0,0.0,0.0,0.0,0.0,0.0,0.0,0.0,0.0,0.0,0.0,0.0,0.0,0.0
2023.07.01,강진군,0.0,0.0,0.0,0.0,0.0,0.0,0.0,0.0,0.0,0.0,0.0,0.0,0.0,0.0,0.0,0.0,0.0,0.0,0.0,0.0,0.0,0.0,0.0
2023.07.01,고흥군,0.0,0.0,0.0,0.0,0.0,0.0,0.0,0.0,0.0,0.0,0.0,0.0,0.0,0.0,0.0,0.0,0.0,0.0,0.0,0.0,0.0,0.0,0.0
2023.07.01,곡성군,0.0,0.0,0.0,0.0,0.0,0.0,0.0,0.006,0.0,0.0,0.0,0.0,0.0,0.0,0.0,0.0,0.007,0.0,0.0,0.0,0.0,0.0,0.0
2023.07.01,광양시,0.0,0.0,0.0,0.0,0.0,0.0,0.0,0.0,0.0,0.0,0.0,0.0,0.0,0.0,0.0,0.002,0.003,0.0,0.0,0.0,0.0,0.0,0.0
2023.07.01,구례군,0.0,0.0,0.0,0.0,0.0,0.0,0.0,0.0,0.0,0.0,0.0,0.0,0.0,0.0,0.0,0.0,0.0,0.0,0.0,0.0,0.0,0.0,0.0
2023.07.01,나주시,0.0,0.0,0.0,0.0,0.0,0.0,0.0,0.0,0.0,0.0,0.0,0.0,0.0,0.0,0.0,0.0,0.0,0.0,0.0,0.0,0.0,0.0,0.0
2023.07.01,담양군,0.0,0.0,0.0,0.0,0.0,0.0,0.0,0.0,0.0,0.0,0.0,0.0,0.0,0.0,0.0,0.0,0.0,0.0,0.0,0.0,0.0,0.0,0.0
2023.07.01,무안군,0.0,0.0,0.0,0.0,0.0,0.0,0.0,0.0,0.0,0.0,0.0,0.0,0.0,0.0,0.0,0.0,0.0,0.0,0.0,0.0,0.0,0.0,0.0
2023.07.01,보성군,0.0,0.0,0.0,0.0,0.0,0.0,0.0,0.0,0.0,0.095,0.0,0.0,0.0,0.0,0.0,0.0,0.001,0.0,0.0,0.0,0.0,0.0,0.0
2023.07.01,순천시,0.0,0.0,0.0,0.0,0.0,0.0,0.0,0.0,0.0,0.0,0.0,0.0,0.0,0.0,0.0,0.0,0.0,0.0,0.0,0.0,0.0,0.0,0.0
2023.07.01,신안군,0.0,0.0,0.0,0.0,0.0,0.0,0.0,0.0,0.0,0.0,0.0,0.0,0.0,0.0,0.0,0.0,0.0,0.0,0.0,0.0,0.0,0.0,0.0
2023.07.01,여수시,0.0,0.0,0.0,0.0,0.0,0.0,0.0,0.029,0.0,0.0,0.0,0.0,0.0,0.0,0.0,0.0,0.024,0.0,0.0,0.0,0.0,0.0,0.0
2023.07.01,영광군,0.0,0.0,0.0,0.0,0.0,0.0,0.0,0.0,0.0,0.0,0.0,0.0,0.0,0.0,0.0,0.0,0.0,0.0,0.0,0.0,0.0,0.0,0.0
2023.07.01,영암군,0.0,0.0,0.0,0.0,0.0,0.0,0.0,0.001,0.0,0.0,0.0,0.0,0.0,0.0,0.0,0.001,0.002,0.0,0.0,0.0,0.0,0.0,0.0
2023.07.01,완도군,0.0,0.0,0.0,0.0,0.003,0.003,0.04,0.0,0.0,0.013,0.0,0.0,0.0,0.0,0.0,0.0,0.0,0.0,0.0,0.0,0.0,0.0,0.0
2023.07.01,장성군,0.0,0.0,0.0,0.0,0.0,0.0,0.0,0.003,0.0,0.0,0.001,0.001,0.003,0.002,0.004,0.001,0.0,0.0,0.001,0.0,0.0,0.0,0.0
2023.07.01,장흥군,0.0,0.0,0.0,0.0,0.0,0.0,0.0,0.0,0.0,0.0,0.0,0.0,0.0,0.0,0.0,0.0,0.066,0.0,0.0,0.0,0.0,0.0,0.0
2023.07.01,진도군,0.0,0.0,0.0,0.0,0.0,0.0,0.0,0.0,0.0,0.0,0.0,0.0,0.032,0.0,0.094,0.0,0.012,0.0,0.0,0.0,0.0,0.0,0.0
2023.07.01,함평군,0.0,0.0,0.0,0.0,0.0,0.0,0.0,0.0,0.0,0.0,0.0,0.0,0.0,0.0,0.0,0.0,0.006,0.0,0.0,0.0,0.0,0.0,0.0
2023.07.01,해남군,0.0,0.0,0.0,0.0,0.0,0.0,0.0,0.0,0.0,0.0,0.0,0.0,0.0,0.0,0.0,0.0,0.0,0.0,0.0,0.0,0.0,0.0,0.0
2023.07.01,화순군,0.0,0.0,0.0,0.0,0.0,0.0,0.0,0.001,0.0,0.0,0.0,0.0,0.0,0.0,0.0,0.0,0.0,0.0,0.0,0.0,0.0,0.0,0.0
2023.07.16,강진군,0.0,0.0,0.0,0.0,0.0,0.0,0.0,0.004,0.0,0.0,0.0,0.002,0.001,0.0,0.0,0.0,0.003,0.0,0.0,0.0,0.0,0.0,0.0
2023.07.16,고흥군,0.0,0.0,0.0,0.0,0.0,0.0,0.0,0.0,0.0,0.0,0.0,0.0,0.0,0.0,0.0,0.0,0.0,0.0,0.0,0.0,0.0,0.0,0.0
2023.07.16,곡성군,0.0,0.0,0.0,0.0,0.0,0.0,0.0,0.0,0.0,0.009,0.0,0.0,0.0,0.0,0.0,0.0,0.0,0.0,0.0,0.0,0.0,0.0,0.0
2023.07.16,광양시,0.0,0.0,0.0,0.0,0.0,0.0,0.002,0.0,0.0,0.007,0.0,0.0,0.0,0.0,0.0,0.0,0.0,0.0,0.0,0.0,0.0,0.0,0.0
2023.07.16,구례군,0.0,0.0,0.0,0.0,0.0,0.0,0.0,0.0,0.0,0.023,0.0,0.0,0.0,0.0,0.0,0.0,0.0,0.0,0.0,0.0,0.0,0.0,0.0
2023.07.16,나주시,0.0,0.0,0.0,0.0,0.0,0.0,0.0,0.0,0.0,0.009,0.0,0.0,0.0,0.0,0.0,0.0,0.0,0.0,0.0,0.0,0.0,0.0,0.0
2023.07.16,담양군,0.0,0.0,0.0,0.0,0.001,0.001,0.001,0.0,0.0,0.025,0.0,0.0,0.0,0.0,0.0,0.008,0.001,0.0,0.0,0.0,0.0,0.0,0.0
2023.07.16,무안군,0.0,0.0,0.0,0.0,0.0,0.0,0.0,0.0,0.0,0.0,0.0,0.0,0.0,0.0,0.0,0.0,0.0,0.0,0.0,0.0,0.0,0.0,0.0
2023.07.16,보성군,0.0,0.0,0.0,0.0,0.0,0.0,0.0,0.0,0.0,0.011,0.0,0.0,0.0,0.0,0.0,0.0,0.0,0.0,0.0,0.0,0.0,0.0,0.0
2023.07.16,순천시,0.0,0.0,0.0,0.0,0.0,0.0,0.0,0.0,0.0,0.0,0.0,0.0,0.0,0.0,0.0,0.0,0.0,0.0,0.0,0.0,0.0,0.0,0.0
2023.07.16,신안군,0.0,0.0,0.0,0.0,0.0,0.0,0.004,0.001,0.0,0.0,0.0,0.0,0.0,0.0,0.0,0.0,0.0,0.0,0.0,0.0,0.0,0.0,0.0
2023.07.16,여수시,0.0,0.0,0.0,0.0,0.0,0.0,0.002,0.003,0.0,0.001,0.0,0.0,0.0,0.0,0.0,0.0,0.0,0.0,0.0,0.0,0.0,0.0,0.0
2023.07.16,영광군,0.0,0.0,0.0,0.0,0.0,0.0,0.0,0.0,0.0,0.0,0.0,0.0,0.0,0.0,0.0,0.0,0.0,0.0,0.0,0.0,0.0,0.0,0.0
2023.07.16,영암군,0.0,0.0,0.0,0.0,0.0,0.002,0.0,0.0,0.0,0.002,0.0,0.0,0.0,0.0,0.0,0.0,0.0,0.0,0.0,0.0,0.0,0.0,0.0
2023.07.16,완도군,0.0,0.0,0.0,0.0,0.003,0.06,0.133,0.0,0.0,0.016,0.0,0.0,0.0,0.0,0.0,0.0,0.0,0.0,0.0,0.0,0.0,0.0,0.0
2023.07.16,장성군,0.0,0.001,0.0,0.0,0.0,0.0,0.001,0.001,0.0,0.004,0.0,0.0,0.002,0.002,0.003,0.002,0.0,0.0,0.001,0.0,0.0,0.0,0.0
2023.07.16,장흥군,0.0,0.0,0.0,0.0,0.0,0.001,0.001,0.002,0.0,0.001,0.0,0.0,0.0,0.0,0.0,0.0,0.0,0.0,0.0,0.0,0.0,0.0,0.0
2023.07.16,진도군,0.0,0.0,0.0,0.001,0.0,0.164,0.02,0.008,0.0,0.004,0.0,0.001,0.003,0.0,0.274,0.008,0.006,0.0,0.002,0.0,0.0,0.0,0.0
2023.07.16,함평군,0.0,0.0,0.0,0.0,0.0,0.0,0.0,0.0,0.0,0.0,0.0,0.0,0.0,0.0,0.0,0.0,0.0,0.0,0.0,0.0,0.0,0.0,0.0
2023.07.16,해남군,0.0,0.0,0.0,0.0,0.0,0.0,0.0,0.0,0.0,0.0,0.0,0.0,0.0,0.0,0.0,0.0,0.0,0.0,0.0,0.0,0.0,0.0,0.0
2023.07.16,화순군,0.0,0.0,0.0,0.0,0.0,0.0,0.005,0.021,0.0,0.004,0.0,0.0,0.0,0.0,0.0,0.0,0.0,0.0,0.0,0.0,0.0,0.0,0.0
2023.08.01,강진군,0.0,0.0,0.0,0.0,0.0,0.0,0.001,0.001,0.0,0.005,0.0,0.0,0.0,0.0,0.001,0.0,0.0,0.0,0.0,0.0,0.0,0.0,0.0
2023.08.01,고흥군,0.0,0.0,0.0,0.0,0.0,0.0,0.0,0.0,0.0,0.0,0.0,0.0,0.0,0.0,0.0,0.0,0.0,0.0,0.0,0.0,0.0,0.0,0.0
2023.08.01,곡성군,0.0,0.0,0.0,0.0,0.0,0.0,0.001,0.0,0.0,0.0,0.0,0.0,0.0,0.0,0.0,0.0,0.0,0.0,0.0,0.0,0.0,0.0,0.0
2023.08.01,광양시,0.0,0.0,0.0,0.0,0.0,0.0,0.007,0.0,0.0,0.082,0.0,0.0,0.0,0.0,0.0,0.0,0.006,0.0,0.0,0.0,0.0,0.0,0.0
2023.08.01,구례군,0.0,0.0,0.0,0.0,0.0,0.0,0.0,0.0,0.0,0.049,0.0,0.0,0.0,0.0,0.0,0.0,0.001,0.0,0.0,0.0,0.0,0.0,0.0
2023.08.01,나주시,0.0,0.0,0.0,0.0,0.0,0.0,0.0,0.0,0.0,0.012,0.0,0.0,0.0,0.0,0.0,0.0,0.0,0.0,0.0,0.0,0.0,0.0,0.0
2023.08.01,담양군,0.0,0.005,0.0,0.0,0.0,0.0,0.007,0.0,0.0,0.038,0.0,0.0,0.0,0.0,0.0,0.0,0.0,0.0,0.0,0.0,0.0,0.0,0.0
2023.08.01,무안군,0.0,0.0,0.0,0.0,0.0,0.0,0.003,0.0,0.0,0.009,0.0,0.0,0.0,0.0,0.0,0.0,0.0,0.0,0.0,0.0,0.0,0.0,0.0
2023.08.01,보성군,0.0,0.0,0.0,0.0,0.0,0.0,0.058,0.0,0.001,0.033,0.0,0.0,0.0,0.0,0.0,0.0,0.0,0.0,0.0,0.0,0.0,0.0,0.0
2023.08.01,순천시,0.0,0.0,0.0,0.0,0.0,0.0,0.0,0.0,0.0,0.079,0.0,0.0,0.0,0.0,0.0,0.0,0.0,0.0,0.0,0.0,0.0,0.0,0.0
2023.08.01,신안군,0.0,0.0,0.0,0.0,0.0,0.0,0.033,0.0,0.0,0.002,0.0,0.0,0.0,0.0,0.0,0.0,0.0,0.0,0.003,0.0,0.0,0.0,0.0
2023.08.01,여수시,0.0,0.0,0.0,0.0,0.0,0.0,0.185,0.028,0.002,0.122,0.0,0.0,0.0,0.0,0.0,0.0,0.0,0.0,0.0,0.0,0.0,0.0,0.0
2023.08.01,영광군,0.0,0.0,0.0,0.0,0.0,0.0,0.0,0.0,0.0,0.0,0.0,0.0,0.0,0.0,0.0,0.0,0.0,0.0,0.0,0.0,0.0,0.0,0.0
2023.08.01,영암군,0.0,0.0,0.0,0.0,0.012,0.043,0.039,0.002,0.0,0.021,0.0,0.0,0.0,0.0,0.0,0.0,0.0,0.0,0.0,0.0,0.0,0.0,0.0
2023.08.01,완도군,0.008,0.0,0.0,0.0,0.007,0.07,0.393,0.007,0.0,0.02,0.0,0.0,0.0,0.0,0.0,0.0,0.0,0.0,0.0,0.0,0.0,0.0,0.0
2023.08.01,장성군,0.0,0.001,0.0,0.0,0.0,0.002,0.023,0.0,0.001,0.031,0.002,0.0,0.007,0.006,0.013,0.002,0.0,0.0,0.0,0.0,0.0,0.0,0.008
2023.08.01,장흥군,0.0,0.0,0.0,0.0,0.0,0.352,0.302,0.023,0.002,0.273,0.0,0.0,0.0,0.0,0.0,0.0,0.0,0.0,0.0,0.0,0.0,0.0,0.0
2023.08.01,진도군,0.0,0.0,0.0,0.002,0.001,0.063,0.623,0.003,0.0,0.147,0.0,0.0,0.001,0.0,0.011,0.028,0.004,0.0,0.001,0.0,0.0,0.0,0.0
2023.08.01,함평군,0.0,0.001,0.0,0.0,0.0,0.0,0.004,0.004,0.0,0.003,0.0,0.0,0.0,0.0,0.0,0.0,0.001,0.0,0.0,0.0,0.0,0.0,0.0
2023.08.01,해남군,0.0,0.0,0.0,0.0,0.0,0.0,0.0,0.0,0.0,0.0,0.0,0.0,0.0,0.0,0.0,0.0,0.0,0.0,0.0,0.0,0.0,0.0,0.0
2023.08.01,화순군,0.0,0.0,0.0,0.0,0.0,0.0,0.011,0.003,0.0,0.012,0.0,0.0,0.0,0.0,0.0,0.0,0.001,0.0,0.0,0.0,0.0,0.0,0.0
2023.08.16,강진군,0.0,0.001,0.0,0.002,0.0,0.003,0.005,0.0,0.0,0.01,0.0,0.0,0.0,0.0,0.003,0.001,0.0,0.0,0.0,0.0,0.0,0.0,0.0
2023.08.16,고흥군,0.0,0.0,0.0,0.0,0.0,0.0,0.001,0.0,0.0,0.01,0.0,0.0,0.0,0.0,0.0,0.0,0.0,0.0,0.0,0.0,0.0,0.0,0.0
2023.08.16,곡성군,0.0,0.274,0.0,0.006,0.0,0.0,0.027,0.0,0.0,0.257,0.0,0.0,0.0,0.0,0.0,0.0,0.007,0.0,0.0,0.0,0.0,0.0,0.0
2023.08.16,광양시,0.0,0.0,0.0,0.0,0.0,0.0,0.009,0.0,0.0,0.021,0.0,0.0,0.0,0.0,0.0,0.0,0.003,0.0,0.0,0.0,0.0,0.0,0.0
2023.08.16,구례군,0.0,0.004,0.0,0.0,0.0,0.004,0.0,0.0,0.0,0.078,0.0,0.0,0.0,0.0,0.0,0.0,0.0,0.0,0.0,0.0,0.0,0.0,0.0
2023.08.16,나주시,0.0,0.002,0.0,0.0,0.0,0.0,0.01,0.0,0.0,0.012,0.0,0.0,0.0,0.0,0.0,0.0,0.0,0.0,0.0,0.0,0.0,0.0,0.0
2023.08.16,담양군,0.0,0.01,0.0,0.0,0.0,0.0,0.007,0.0,0.0,0.038,0.0,0.0,0.0,0.0,0.0,0.0,0.0,0.0,0.0,0.0,0.0,0.0,0.0
2023.08.16,무안군,0.0,0.0,0.0,0.0,0.0,0.0,0.003,0.0,0.0,0.01,0.0,0.0,0.0,0.0,0.0,0.0,0.0,0.001,0.0,0.0,0.0,0.0,0.0
2023.08.16,보성군,0.0,0.005,0.012,0.003,0.0,0.0,0.008,0.0,0.0,0.0,0.0,0.0,0.0,0.0,0.0,0.0,0.0,0.0,0.0,0.0,0.0,0.0,0.0
2023.08.16,순천시,0.0,0.086,0.0,0.0,0.0,0.0,0.038,0.0,0.0,0.0,0.0,0.0,0.0,0.0,0.0,0.0,0.0,0.0,0.0,0.0,0.0,0.0,0.0
2023.08.16,신안군,0.0,0.0,0.0,0.0,0.0,0.0,1.852,0.0,0.0,0.0,0.0,0.0,0.0,0.0,0.0,0.0,0.0,0.0,0.003,0.0,0.0,0.0,0.0
2023.08.16,여수시,0.0,0.074,0.0,0.846,0.0,0.0,0.061,0.011,0.002,0.374,0.0,0.0,0.0,0.0,0.0,0.0,0.0,0.0,0.0,0.0,0.0,0.0,0.0
2023.08.16,영광군,0.0,0.0,0.0,0.0,0.0,0.0,0.0,0.0,0.0,0.0,0.0,0.0,0.0,0.0,0.0,0.0,0.0,0.0,0.0,0.0,0.0,0.0,0.0
2023.08.16,영암군,0.0,0.012,0.0,0.0,0.007,0.04,0.045,0.002,0.0,0.027,0.0,0.0,0.0,0.0,0.0,0.0,0.0,0.0,0.0,0.0,0.0,0.0,0.0
2023.08.16,완도군,0.015,0.0,0.0,0.003,0.03,0.087,0.342,0.033,0.004,0.167,0.0,0.0,0.0,0.0,0.0,0.0,0.0,0.0,0.004,0.0,0.0,0.0,0.0
2023.08.16,장성군,0.001,0.006,0.001,0.0,0.0,0.007,0.01,0.0,0.0,0.014,0.001,0.0,0.0,0.0,0.002,0.001,0.0,0.0,0.0,0.0,0.0,0.001,0.003
2023.08.16,장흥군,0.0,0.09,0.0,0.086,0.0,0.297,0.306,0.0,0.003,0.122,0.0,0.0,0.0,0.0,0.0,0.0,0.0,0.0,0.0,0.0,0.0,0.0,0.0
2023.08.16,진도군,0.0,0.0,0.001,0.003,0.003,0.078,0.12,0.001,0.0,0.119,0.0,0.002,0.0,0.0,0.006,0.003,0.001,0.0,0.0,0.0,0.0,0.0,0.0
2023.08.16,함평군,0.0,0.004,0.0,0.006,0.0,0.0,0.047,0.003,0.0,0.001,0.0,0.0,0.0,0.0,0.005,0.0,0.0,0.0,0.0,0.0,0.0,0.0,0.001
2023.08.16,해남군,0.0,0.0,0.0,0.0,0.0,0.0,0.002,0.0,0.0,0.0,0.0,0.0,0.0,0.0,0.0,0.0,0.0,0.0,0.0,0.0,0.0,0.0,0.0
2023.08.16,화순군,0.0,0.0,0.0,0.002,0.001,0.024,0.016,0.0,0.0,0.012,0.0,0.0,0.0,0.0,0.007,0.001,0.002,0.0,0.0,0.0,0.0,0.0,0.0
2023.09.01,강진군,0.0,0.008,0.0,0.0,0.0,0.007,0.474,0.001,0.0,0.007,0.0,0.0,0.0,0.0,0.0,0.0,0.0,0.0,0.0,0.0,0.0,0.0,0.004
2023.09.01,고흥군,0.0,0.024,0.0,0.006,0.001,0.001,0.128,0.0,0.001,0.044,0.001,0.0,0.0,0.0,0.0,0.0,0.0,0.0,0.0,0.0,0.0,0.0,0.0
2023.09.01,곡성군,0.0,0.28,0.0,0.008,0.0,0.0,0.063,0.004,0.0,0.302,0.0,0.0,0.0,0.0,0.0,0.0,0.007,0.0,0.0,0.0,0.0,0.0,0.0
2023.09.01,광양시,0.0,0.009,0.0,0.0,0.0,0.0,0.011,0.0,0.0,0.024,0.0,0.0,0.0,0.0,0.0,0.0,0.007,0.0,0.0,0.0,0.0,0.0,0.0
2023.09.01,구례군,0.0,0.589,0.006,0.022,0.0,0.069,0.519,0.017,0.0,0.117,0.0,0.0,0.0,0.0,0.0,0.0,0.0,0.0,0.0,0.0,0.0,0.0,0.0
2023.09.01,나주시,0.0,0.01,0.004,0.0,0.0,0.0,0.241,0.0,0.0,0.016,0.0,0.0,0.0,0.0,0.0,0.0,0.0,0.0,0.0,0.0,0.0,0.0,0.0
2023.09.01,담양군,0.005,0.202,0.014,0.005,0.0,0.0,0.009,0.0,0.0,0.107,0.0,0.0,0.0,0.0,0.0,0.0,0.001,0.0,0.0,0.0,0.0,0.0,0.0
2023.09.01,무안군,0.0,0.0,0.0,0.0,0.0,0.0,0.005,0.0,0.0,0.012,0.0,0.0,0.0,0.0,0.0,0.0,0.0,0.0,0.0,0.0,0.0,0.0,0.0
2023.09.01,보성군,0.003,0.005,0.0,0.028,0.0,0.021,0.158,0.0,0.0,0.014,0.0,0.0,0.0,0.0,0.0,0.0,0.0,0.0,0.0,0.0,0.0,0.0,0.001
2023.09.01,순천시,0.0,0.086,0.0,0.0,0.0,0.0,0.113,0.0,0.0,0.143,0.0,0.0,0.0,0.0,0.0,0.0,0.0,0.0,0.005,0.0,0.0,0.0,0.0
2023.09.01,신안군,0.0,0.0,0.002,0.0,0.0,0.0,1.982,0.272,0.0,0.343,0.0,0.0,0.0,0.0,0.0,0.0,0.0,0.0,0.0,0.0,0.0,0.0,0.003
2023.09.01,여수시,0.002,0.008,0.107,0.417,0.0,0.037,0.417,0.051,0.003,0.5,0.0,0.0,0.0,0.0,0.0,0.0,0.0,0.0,0.0,0.0,0.0,0.0,0.008
2023.09.01,영광군,0.0,0.015,0.0,0.0,0.022,0.0,0.92,0.0,0.0,0.017,0.0,0.0,0.0,0.0,0.0,0.0,0.0,0.0,0.0,0.0,0.0,0.0,0.002
2023.09.01,영암군,0.0,0.013,0.0,0.0,0.007,0.04,0.054,0.002,0.0,0.027,0.0,0.0,0.0,0.0,0.0,0.0,0.0,0.0,0.0,0.0,0.0,0.0,0.0
2023.09.01,완도군,0.015,0.0,0.0,0.002,0.0,0.003,0.042,0.0,0.002,0.11,0.0,0.0,0.0,0.0,0.0,0.0,0.015,0.0,0.0,0.0,0.0,0.0,0.0
2023.09.01,장성군,0.003,0.051,0.006,0.004,0.0,0.009,0.105,0.001,0.0,0.063,0.0,0.0,0.0,0.0,0.0,0.0,0.0,0.0,0.0,0.0,0.0,0.001,0.024
2023.09.01,장흥군,0.0,0.059,0.0,0.027,0.0,0.054,1.583,0.009,0.001,0.185,0.0,0.0,0.0,0.0,0.0,0.0,0.0,0.0,0.0,0.0,0.0,0.0,0.0
2023.09.01,진도군,0.001,0.002,0.002,0.009,0.007,0.022,0.531,0.001,0.001,0.239,0.0,0.0,0.0,0.0,0.0,0.0,0.0,0.0,0.0,0.0,0.0,0.0,0.002
2023.09.01,함평군,0.0,0.011,0.001,0.004,0.0,0.003,0.058,0.0,0.0,0.0,0.0,0.0,0.0,0.0,0.0,0.0,0.0,0.0,0.0,0.0,0.0,0.0,0.0
2023.09.01,해남군,0.0,0.0,0.0,0.0,0.0,0.0,0.113,0.0,0.0,0.015,0.0,0.0,0.0,0.0,0.0,0.0,0.0,0.0,0.001,0.0,0.0,0.0,0.0
2023.09.01,화순군,0.0,0.005,0.001,0.003,0.0,0.0,0.069,0.0,0.0,0.012,0.0,0.0,0.0,0.0,0.0,0.0,0.0,0.0,0.0,0.0,0.0,0.0,0.0
2023.09.16,강진군,0.004,0.02,0.005,0.013,0.0,0.012,0.07,0.0,0.0,0.04,0.0,0.0,0.0,0.0,0.004,0.0,0.0,0.0,0.0,0.0,0.0,0.0,0.001
2023.09.16,고흥군,0.004,0.303,0.0,0.095,0.014,0.008,1.553,0.0,0.016,0.036,0.0,0.0,0.0,0.0,0.0,0.0,0.0,0.0,0.0,0.0,0.0,0.026,0.0
2023.09.16,곡성군,0.0,0.11,0.0,0.099,0.0,0.0,0.055,0.082,0.0,0.467,0.0,0.0,0.0,0.0,0.0,0.0,0.0,0.0,0.0,0.0,0.0,0.0,0.0
2023.09.16,광양시,0.0,0.016,0.0,0.025,0.0,0.0,0.0,0.0,0.0,0.0,0.0,0.0,0.0,0.0,0.0,0.0,0.0,0.0,0.0,0.0,0.0,0.0,0.0
2023.09.16,구례군,0.003,0.634,0.011,0.054,0.0,0.069,0.519,0.022,0.0,0.13,0.0,0.0,0.0,0.0,0.0,0.0,0.0,0.0,0.0,0.0,0.0,0.0,0.002
2023.09.16,나주시,0.0,0.004,0.004,0.0,0.0,0.0,0.0,0.0,0.0,0.012,0.0,0.0,0.0,0.0,0.0,0.0,0.0,0.075,0.0,0.0,0.0,0.001,0.0
2023.09.16,담양군,0.005,0.213,0.056,0.006,0.003,0.003,0.153,0.001,0.0,0.013,0.0,0.0,0.0,0.0,0.0,0.0,0.0,0.001,0.0,0.0,0.0,0.0,0.0
2023.09.16,무안군,0.0,0.0,0.0,0.0,0.0,0.0,0.0,0.0,0.0,0.014,0.0,0.0,0.0,0.0,0.0,0.0,0.0,0.0,0.0,0.0,0.0,0.0,0.0
2023.09.16,보성군,0.007,0.013,0.004,0.015,0.0,0.0,0.06,0.0,0.0,0.011,0.0,0.0,0.0,0.0,0.0,0.0,0.0,0.0,0.0,0.0,0.0,0.0,0.0
2023.09.16,순천시,0.0,0.075,0.0,0.0,0.0,0.0,0.107,0.0,0.0,0.106,0.0,0.0,0.0,0.0,0.0,0.0,0.0,0.0,0.0,0.0,0.0,0.0,0.008
2023.09.16,신안군,0.0,0.0,0.002,0.003,0.0,0.0,0.417,0.0,0.0,0.068,0.0,0.0,0.0,0.0,0.0,0.0,0.0,0.0,0.0,0.0,0.0,0.0,0.0
2023.09.16,여수시,0.002,0.01,0.107,0.417,0.0,0.036,0.417,0.051,0.003,0.5,0.0,0.0,0.0,0.0,0.0,0.0,0.0,0.0,0.0,0.0,0.0,0.0,0.008
2023.09.16,영광군,0.0,0.001,0.0,0.001,0.0,0.0,0.013,0.0,0.0,0.002,0.0,0.0,0.0,0.0,0.0,0.0,0.0,0.0,0.0,0.0,0.0,0.0,0.0
2023.09.16,영암군,0.0,0.013,0.0,0.0,0.004,0.045,0.046,0.002,0.0,0.027,0.0,0.0,0.0,0.0,0.0,0.0,0.0,0.0,0.0,0.0,0.0,0.0,0.0
2023.09.16,완도군,0.01,0.0,0.0,0.073,0.0,0.0,0.227,0.0,0.0,0.027,0.0,0.0,0.0,0.0,0.0,0.0,0.0,0.0,0.0,0.0,0.0,0.0,0.0
2023.09.16,장성군,0.007,0.013,0.004,0.004,0.0,0.009,0.042,0.0,0.0,0.1,0.0,0.0,0.0,0.0,0.0,0.0,0.0,0.0,0.0,0.0,0.0,0.002,0.004
2023.09.16,장흥군,0.002,0.099,0.0,0.027,0.0,0.027,0.482,0.0,0.0,0.318,0.0,0.0,0.0,0.0,0.0,0.0,0.0,0.0,0.0,0.0,0.0,0.002,0.0
2023.09.16,진도군,0.003,0.002,0.002,0.056,0.007,0.008,0.172,0.0,0.0,0.135,0.0,0.0,0.0,0.0,0.0,0.0,0.0,0.0,0.0,0.0,0.0,0.004,0.001
2023.09.16,함평군,0.0,0.013,0.002,0.002,0.0,0.006,0.053,0.0,0.0,0.003,0.0,0.0,0.0,0.0,0.0,0.0,0.0,0.0,0.0,0.0,0.0,0.0,0.0
2023.09.16,해남군,0.0,0.0,0.0,0.009,0.004,0.0,0.0,0.0,0.0,0.0,0.0,0.0,0.0,0.0,0.0,0.0,0.0,0.0,0.0,0.0,0.0,0.0,0.0
2023.09.16,화순군,0.0,0.005,0.001,0.005,0.0,0.0,0.073,0.0,0.0,0.015,0.0,0.0,0.0,0.0,0.0,0.0,0.0,0.0,0.0,0.0,0.0,0.001,0.0
2024.06.01,강진군,0.0,0.0,0.0,0.0,0.0,0.0,0.0,0.0,0.0,0.0,0.0,0.0,0.0,0.0,0.0,0.0,0.0,0.0,0.0,0.0,0.0,0.0,0.0
2024.06.01,고흥군,0.0,0.0,0.0,0.0,0.0,0.0,0.0,0.0,0.0,0.0,0.0,0.0,0.0,0.0,0.0,0.0,0.0,0.0,0.0,0.0,0.0,0.0,0.0
2024.06.01,광양시,0.0,0.0,0.0,0.0,0.0,0.0,0.0,0.0,0.0,0.0,0.0,0.0,0.0,0.0,0.0,0.0,0.0,0.0,0.0,0.0,0.0,0.0,0.0
2024.06.01,구례군,0.0,0.0,0.0,0.0,0.0,0.0,0.0,0.0,0.0,0.0,0.0,0.0,0.0,0.0,0.0,0.0,0.0,0.0,0.0,0.0,0.0,0.0,0.0
2024.06.01,나주시,0.0,0.0,0.0,0.0,0.0,0.0,0.0,0.0,0.0,0.0,0.0,0.0,0.0,0.0,0.0,0.0,0.0,0.0,0.0,0.0,0.0,0.0,0.0
2024.06.01,무안군,0.0,0.0,0.0,0.0,0.0,0.0,0.0,0.0,0.0,0.0,0.0,0.0,0.0,0.0,0.0,0.0,0.0,0.0,0.0,0.0,0.0,0.0,0.0
2024.06.01,보성군,0.0,0.0,0.0,0.0,0.0,0.0,0.0,0.0,0.0,0.0,0.0,0.0,0.0,0.0,0.0,0.0,0.0,0.0,0.0,0.0,0.0,0.0,0.0
2024.06.01,순천시,0.0,0.0,0.0,0.0,0.0,0.0,0.0,0.0,0.0,0.0,0.0,0.0,0.0,0.0,0.0,0.0,0.0,0.0,0.0,0.0,0.0,0.0,0.0
2024.06.01,신안군,0.0,0.0,0.0,0.0,0.0,0.0,0.0,0.0,0.0,0.0,0.0,0.0,0.0,0.0,0.0,0.0,0.0,0.0,0.0,0.0,0.0,0.0,0.0
2024.06.01,여수시,0.0,0.0,0.0,0.0,0.0,0.0,0.0,0.0,0.0,0.0,0.0,0.0,0.0,0.0,0.0,0.0,0.0,0.0,0.0,0.0,0.0,0.0,0.0
2024.06.01,영암군,0.0,0.0,0.0,0.0,0.0,0.0,0.0,0.0,0.0,0.0,0.0,0.0,0.0,0.0,0.0,0.0,0.0,0.0,0.0,0.0,0.0,0.0,0.0
2024.06.01,완도군,0.0,0.0,0.0,0.0,0.0,0.0,0.0,0.0,0.0,0.0,0.0,0.0,0.0,0.0,0.0,0.0,0.0,0.0,0.0,0.0,0.0,0.0,0.0
2024.06.01,장성군,0.0,0.0,0.0,0.0,0.0,0.0,0.0,0.0,0.0,0.0,0.0,0.0,0.0,0.0,0.0,0.0,0.0,0.0,0.0,0.0,0.0,0.0,0.0
2024.06.01,장흥군,0.0,0.0,0.0,0.0,0.0,0.0,0.0,0.0,0.0,0.0,0.0,0.0,0.0,0.0,0.0,0.0,0.0,0.0,0.0,0.0,0.0,0.0,0.0
2024.06.01,진도군,0.0,0.0,0.0,0.0,0.0,0.0,0.0,0.0,0.0,0.0,0.0,0.0,0.0,0.0,0.0,0.0,0.001,0.0,0.0,0.0,0.0,0.0,0.0
2024.06.01,해남군,0.0,0.0,0.0,0.0,0.0,0.0,0.0,0.0,0.0,0.0,0.0,0.0,0.0,0.0,0.0,0.0,0.0,0.0,0.0,0.0,0.0,0.0,0.0
2024.06.01,화순군,0.0,0.0,0.0,0.0,0.0,0.0,0.0,0.0,0.0,0.0,0.0,0.0,0.0,0.0,0.0,0.0,0.0,0.0,0.0,0.0,0.0,0.0,0.0
2024.06.16,강진군,0.0,0.0,0.0,0.0,0.0,0.0,0.0,0.0,0.0,0.0,0.0,0.0,0.0,0.0,0.0,0.0,0.0,0.0,0.0,0.0,0.0,0.0,0.0
2024.06.16,고흥군,0.0,0.0,0.0,0.0,0.0,0.0,0.0,0.0,0.0,0.0,0.0,0.0,0.0,0.0,0.0,0.0,0.0,0.0,0.0,0.0,0.0,0.0,0.0
2024.06.16,광양시,0.0,0.0,0.0,0.0,0.0,0.0,0.0,0.0,0.0,0.0,0.0,0.0,0.0,0.0,0.0,0.0,0.0,0.0,0.0,0.0,0.0,0.0,0.0
2024.06.16,구례군,0.0,0.0,0.0,0.0,0.0,0.0,0.0,0.0,0.0,0.0,0.0,0.0,0.0,0.0,0.0,0.0,0.0,0.0,0.0,0.0,0.0,0.0,0.0
2024.06.16,나주시,0.0,0.0,0.0,0.0,0.0,0.0,0.0,0.0,0.0,0.0,0.0,0.0,0.0,0.0,0.0,0.0,0.0,0.0,0.0,0.0,0.0,0.0,0.0
2024.06.16,담양군,0.0,0.0,0.0,0.0,0.0,0.0,0.0,0.0,0.0,0.0,0.0,0.0,0.0,0.0,0.0,0.0,0.0,0.0,0.0,0.0,0.0,0.0,0.0
2024.06.16,무안군,0.0,0.0,0.0,0.0,0.0,0.0,0.0,0.0,0.0,0.0,0.0,0.0,0.0,0.0,0.0,0.0,0.0,0.0,0.0,0.0,0.0,0.0,0.0
2024.06.16,보성군,0.0,0.0,0.0,0.0,0.0,0.0,0.0,0.0,0.0,0.0,0.0,0.0,0.0,0.0,0.0,0.0,0.0,0.0,0.0,0.0,0.0,0.0,0.0
2024.06.16,순천시,0.0,0.0,0.0,0.0,0.0,0.0,0.0,0.0,0.0,0.0,0.0,0.0,0.0,0.0,0.0,0.0,0.0,0.0,0.0,0.0,0.0,0.0,0.0
2024.06.16,신안군,0.0,0.0,0.0,0.0,0.0,0.0,0.0,0.0,0.0,0.0,0.0,0.0,0.0,0.0,0.0,0.0,0.0,0.0,0.0,0.0,0.0,0.0,0.0
2024.06.16,여수시,0.0,0.0,0.0,0.0,0.0,0.0,0.0,0.0,0.0,0.0,0.0,0.0,0.0,0.0,0.0,0.0,4.683,0.0,0.0,0.0,0.0,0.0,0.0
2024.06.16,영광군,0.0,0.0,0.0,0.0,0.0,0.0,0.0,0.0,0.0,0.0,0.0,0.0,0.0,0.0,0.0,0.0,0.0,0.0,0.0,0.0,0.0,0.0,0.0
2024.06.16,영암군,0.0,0.0,0.0,0.0,0.0,0.0,0.0,0.0,0.0,0.0,0.0,0.0,0.0,0.0,0.0,0.0,0.0,0.0,0.0,0.0,0.0,0.0,0.0
2024.06.16,완도군,0.0,0.0,0.0,0.0,0.0,0.0,0.0,0.0,0.0,0.0,0.0,0.0,0.0,0.0,0.0,0.0,0.0,0.0,0.0,0.0,0.0,0.0,0.0
2024.06.16,장성군,0.0,0.0,0.0,0.0,0.0,0.0,0.0,0.0,0.0,0.0,0.0,0.0,0.0,0.0,0.0,0.0,0.0,0.0,0.0,0.0,0.0,0.0,0.0
2024.06.16,장흥군,0.0,0.0,0.0,0.0,0.0,0.0,0.0,0.0,0.0,0.0,0.0,0.0,0.0,0.0,0.0,0.0,0.0,0.0,0.0,0.0,0.0,0.0,0.0
2024.06.16,진도군,0.0,0.0,0.0,0.0,0.0,0.0,0.0,0.001,0.0,0.0,0.0,0.0,0.005,0.0,0.011,0.001,0.008,0.0,0.0,0.0,0.0,0.0,0.0
2024.06.16,해남군,0.0,0.0,0.0,0.0,0.0,0.0,0.0,0.0,0.0,0.0,0.0,0.0,0.0,0.0,0.0,0.0,0.0,0.0,0.0,0.0,0.0,0.0,0.0
2024.06.16,화순군,0.0,0.0,0.0,0.0,0.0,0.0,0.0,0.0,0.0,0.0,0.0,0.0,0.0,0.0,0.0,0.0,0.0,0.0,0.0,0.0,0.0,0.0,0.0
2024.07.01,강진군,0.0,0.0,0.0,0.0,0.0,0.0,0.0,0.0,0.0,0.0,0.0,0.0,0.0,0.0,0.0,0.0,0.0,0.0,0.0,0.0,0.0,0.0,0.0
2024.07.01,고흥군,0.0,0.0,0.0,0.0,0.0,0.0,0.0,0.0,0.0,0.0,0.0,0.0,0.0,0.0,0.0,0.0,0.0,0.0,0.0,0.0,0.0,0.0,0.0
2024.07.01,곡성군,0.0,0.0,0.0,0.0,0.0,0.0,0.0,0.0,0.0,0.0,0.0,0.0,0.0,0.0,0.0,0.0,0.0,0.0,0.0,0.0,0.0,0.0,0.0
2024.07.01,광양시,0.0,0.0,0.0,0.0,0.0,0.0,0.0,0.009,0.0,0.0,0.0,0.0,0.0,0.0,0.0,0.0,0.014,0.0,0.0,0.0,0.0,0.0,0.0
2024.07.01,구례군,0.0,0.0,0.0,0.0,0.0,0.0,0.0,0.0,0.0,0.0,0.0,0.0,0.0,0.0,0.0,0.0,0.0,0.0,0.0,0.0,0.0,0.0,0.0
2024.07.01,나주시,0.0,0.0,0.0,0.0,0.0,0.0,0.0,0.0,0.0,0.0,0.0,0.0,0.0,0.0,0.0,0.0,0.0,0.0,0.0,0.0,0.0,0.0,0.0
2024.07.01,담양군,0.0,0.0,0.0,0.0,0.0,0.0,0.0,0.0,0.0,0.0,0.0,0.0,0.0,0.0,0.0,0.0,0.0,0.0,0.0,0.0,0.0,0.0,0.0
2024.07.01,무안군,0.0,0.0,0.0,0.0,0.0,0.0,0.0,0.0,0.0,0.0,0.0,0.0,0.0,0.0,0.0,0.0,0.0,0.0,0.0,0.0,0.0,0.0,0.0
2024.07.01,보성군,0.0,0.0,0.0,0.0,0.0,0.0,0.0,0.0,0.0,0.0,0.0,0.0,0.0,0.0,0.0,0.0,0.0,0.0,0.0,0.0,0.0,0.0,0.0
2024.07.01,순천시,0.0,0.0,0.0,0.0,0.0,0.0,0.0,0.0,0.0,0.0,0.0,0.0,0.0,0.0,0.0,0.0,0.0,0.0,0.0,0.0,0.0,0.0,0.0
2024.07.01,신안군,0.0,0.0,0.0,0.0,0.0,0.0,0.0,0.0,0.0,0.0,0.0,0.0,0.0,0.0,0.0,0.0,0.0,0.0,0.0,0.0,0.0,0.0,0.0
2024.07.01,여수시,0.0,0.0,0.0,0.0,0.0,0.0,0.0,0.0,0.0,0.0,0.0,0.0,0.0,0.0,0.0,0.0,0.217,0.0,0.0,0.0,0.0,0.0,0.0
2024.07.01,영광군,0.0,0.0,0.0,0.0,0.0,0.0,0.0,0.0,0.0,0.0,0.0,0.0,0.0,0.0,0.0,0.0,0.0,0.0,0.0,0.0,0.0,0.0,0.0
2024.07.01,영암군,0.0,0.0,0.0,0.0,0.0,0.0,0.0,0.004,0.0,0.0,0.0,0.0,0.0,0.0,0.002,0.0,0.001,0.0,0.0,0.0,0.0,0.0,0.0
2024.07.01,완도군,0.0,0.0,0.0,0.0,0.0,0.0,0.0,0.0,0.0,0.0,0.0,0.0,0.0,0.0,0.0,0.0,0.0,0.0,0.0,0.0,0.0,0.0,0.0
2024.07.01,장성군,0.0,0.0,0.0,0.0,0.0,0.0,0.0,0.0,0.0,0.0,0.0,0.0,0.0,0.0,0.0,0.0,0.0,0.0,0.0,0.0,0.0,0.0,0.0
2024.07.01,장흥군,0.0,0.0,0.0,0.0,0.0,0.0,0.0,0.0,0.0,0.0,0.0,0.0,0.0,0.0,0.0,0.0,0.004,0.0,0.0,0.0,0.0,0.0,0.0
2024.07.01,진도군,0.0,0.0,0.0,0.0,0.0,0.003,0.0,0.002,0.0,0.0,0.0,0.0,0.002,0.0,0.016,0.002,0.007,0.0,0.0,0.0,0.0,0.0,0.0
2024.07.01,함평군,0.0,0.0,0.0,0.0,0.0,0.0,0.0,0.0,0.0,0.0,0.0,0.0,0.0,0.0,0.0,0.0,0.0,0.0,0.0,0.0,0.0,0.0,0.0
2024.07.01,해남군,0.0,0.0,0.0,0.0,0.0,0.0,0.0,0.0,0.0,0.0,0.0,0.0,0.0,0.0,0.0,0.0,0.0,0.0,0.0,0.0,0.0,0.0,0.0
2024.07.01,화순군,0.0,0.0,0.0,0.0,0.0,0.0,0.0,0.002,0.0,0.009,0.0,0.0,0.0,0.0,0.0,0.0,0.0,0.0,0.0,0.0,0.0,0.0,0.0
2024.07.16,강진군,0.0,0.0,0.0,0.0,0.0,0.0,0.0,0.0,0.0,0.0,0.0,0.0,0.0,0.0,0.0,0.0,0.0,0.0,0.0,0.0,0.0,0.0,0.0
2024.07.16,고흥군,0.0,0.0,0.0,0.0,0.0,0.0,0.019,0.033,0.0,0.0,0.0,0.0,0.0,0.0,0.0,0.0,0.002,0.0,0.0,0.0,0.0,0.0,0.0
2024.07.16,곡성군,0.0,0.0,0.0,0.0,0.0,0.0,0.0,0.0,0.0,0.0,0.0,0.0,0.0,0.0,0.0,0.0,0.0,0.0,0.0,0.0,0.0,0.0,0.0
2024.07.16,광양시,0.0,0.0,0.0,0.0,0.0,0.0,0.002,0.0,0.0,0.011,0.0,0.0,0.0,0.0,0.0,0.007,0.006,0.0,0.0,0.0,0.0,0.0,0.0
2024.07.16,구례군,0.0,0.0,0.0,0.0,0.0,0.0,0.0,0.0,0.0,0.0,0.0,0.0,0.0,0.0,0.0,0.0,0.0,0.0,0.0,0.0,0.0,0.0,0.0
2024.07.16,나주시,0.0,0.0,0.0,0.0,0.0,0.0,0.006,0.0,0.0,0.0,0.0,0.0,0.0,0.0,0.0,0.0,0.0,0.0,0.0,0.0,0.0,0.0,0.0
2024.07.16,담양군,0.0,0.0,0.0,0.0,0.002,0.001,0.0,0.0,0.0,0.015,0.0,0.0,0.0,0.0,0.0,0.006,0.0,0.0,0.0,0.0,0.0,0.0,0.0
2024.07.16,무안군,0.0,0.0,0.0,0.0,0.0,0.0,0.0,0.0,0.0,0.0,0.0,0.0,0.0,0.0,0.0,0.0,0.0,0.0,0.0,0.0,0.0,0.0,0.0
2024.07.16,보성군,0.0,0.0,0.0,0.0,0.0,0.0,0.0,0.0,0.0,0.0,0.0,0.0,0.0,0.0,0.0,0.0,0.0,0.0,0.0,0.0,0.0,0.0,0.0
2024.07.16,순천시,0.0,0.0,0.0,0.0,0.0,0.0,0.0,0.0,0.0,0.0,0.0,0.0,0.024,0.0,0.0,0.0,0.039,0.0,0.0,0.0,0.0,0.0,0.0
2024.07.16,신안군,0.0,0.0,0.0,0.0,0.0,0.0,0.0,0.0,0.0,0.0,0.0,0.0,0.0,0.0,0.0,0.0,0.0,0.0,0.0,0.0,0.0,0.0,0.0
2024.07.16,여수시,0.0,0.0,0.0,0.0,0.0,0.0,0.0,0.0,0.0,0.0,0.0,0.0,0.0,0.0,0.0,0.0,0.0,0.0,0.0,0.0,0.0,0.0,0.0
2024.07.16,영광군,0.0,0.0,0.0,0.0,0.0,0.0,0.0,0.0,0.0,0.0,0.0,0.0,0.0,0.0,0.0,0.0,0.0,0.0,0.0,0.0,0.0,0.0,0.0
2024.07.16,영암군,0.0,0.0,0.0,0.0,0.0,0.029,0.008,0.009,0.001,0.02,0.0,0.0,0.0,0.0,0.006,0.0,0.002,0.002,0.001,0.0,0.0,0.0,0.0
2024.07.16,완도군,0.0,0.0,0.0,0.0,0.0,0.0,0.0,0.0,0.0,0.0,0.0,0.0,0.0,0.0,0.0,0.0,0.0,0.0,0.0,0.0,0.0,0.0,0.0
2024.07.16,장성군,0.0,0.001,0.0,0.0,0.0,0.0,0.001,0.003,0.0,0.0,0.001,0.003,0.0,0.0,0.006,0.003,0.0,0.0,0.0,0.0,0.0,0.0,0.0
2024.07.16,장흥군,0.0,0.0,0.0,0.0,0.0,0.042,0.004,0.008,0.002,0.03,0.0,0.0,0.0,0.0,0.0,0.0,0.0,0.0,0.0,0.0,0.0,0.0,0.0
2024.07.16,진도군,0.0,0.0,0.0,0.001,0.0,0.067,0.044,0.002,0.0,0.013,0.0,0.001,0.001,0.0,0.066,0.005,0.002,0.0,0.001,0.0,0.0,0.0,0.0
2024.07.16,함평군,0.0,0.0,0.0,0.0,0.0,0.0,0.0,0.0,0.0,0.0,0.0,0.0,0.0,0.0,0.0,0.0,0.0,0.0,0.0,0.0,0.0,0.0,0.0
2024.07.16,해남군,0.0,0.0,0.0,0.0,0.0,0.0,0.0,0.0,0.0,0.0,0.0,0.0,0.0,0.0,0.0,0.0,0.0,0.0,0.0,0.0,0.0,0.0,0.0
2024.07.16,화순군,0.0,0.0,0.0,0.0,0.0,0.0,0.007,0.003,0.101,0.01,0.0,0.0,0.0,0.0,0.0,0.0,0.0,0.0,0.0,0.0,0.0,0.0,0.0
2024.08.01,강진군,0.0,0.0,0.0,0.0,0.0,0.0,0.001,0.0,0.0,0.0,0.0,0.0,0.0,0.0,0.0,0.0,0.0,0.0,0.0,0.0,0.0,0.0,0.0
2024.08.01,고흥군,0.0,0.0,0.0,0.0,0.0,0.0,0.248,0.0,0.0,0.077,0.0,0.0,0.0,0.0,0.0,0.0,0.0,0.0,0.0,0.0,0.0,0.0,0.0
2024.08.01,곡성군,0.0,0.0,0.0,0.0,0.0,0.0,0.005,0.0,0.0,0.017,0.0,0.0,0.0,0.0,0.0,0.0,0.0,0.0,0.0,0.0,0.0,0.0,0.0
2024.08.01,광양시,0.0,0.0,0.0,0.0,0.0,0.0,0.002,0.0,0.0,0.011,0.0,0.0,0.0,0.0,0.0,0.0,0.003,0.0,0.0,0.0,0.0,0.0,0.0
2024.08.01,구례군,0.0,0.0,0.0,0.0,0.0,0.0,0.0,0.0,0.0,0.0,0.0,0.0,0.0,0.0,0.0,0.0,0.0,0.0,0.0,0.0,0.0,0.0,0.0
2024.08.01,나주시,0.0,0.001,0.0,0.0,0.0,0.0,0.009,0.0,0.0,0.006,0.0,0.0,0.0,0.0,0.0,0.0,0.0,0.0,0.0,0.0,0.0,0.0,0.0
2024.08.01,담양군,0.0,0.014,0.0,0.0,0.0,0.0,0.028,0.021,0.001,0.014,0.001,0.0,0.0,0.0,0.0,0.0,0.0,0.0,0.0,0.0,0.0,0.0,0.0
2024.08.01,무안군,0.0,0.0,0.0,0.0,0.0,0.0,0.001,0.0,0.0,0.004,0.0,0.0,0.0,0.0,0.0,0.0,0.0,0.0,0.0,0.0,0.0,0.0,0.0
2024.08.01,보성군,0.0,0.0,0.0,0.0,0.038,0.19,0.264,0.0,0.013,0.177,0.0,0.019,0.0,0.0,0.0,0.0,0.0,0.0,0.0,0.0,0.0,0.0,0.0
2024.08.01,순천시,0.0,0.054,0.0,0.0,0.0,0.0,0.169,0.0,0.003,0.073,0.0,0.0,0.0,0.0,0.0,0.0,0.0,0.0,0.0,0.0,0.0,0.0,0.0
2024.08.01,신안군,0.0,0.0,0.0,0.0,0.0,0.0,0.0,0.0,0.0,0.0,0.0,0.0,0.0,0.0,0.0,0.0,0.0,0.0,0.0,0.0,0.0,0.0,0.0
2024.08.01,여수시,0.0,0.0,0.0,0.068,0.0,0.0,0.0,0.0,0.002,0.0,0.0,0.0,0.0,0.0,0.0,0.0,0.0,0.0,0.0,0.0,0.0,0.0,0.0
2024.08.01,영광군,0.0,0.0,0.0,0.0,0.0,0.0,0.0,0.0,0.0,0.0,0.0,0.0,0.0,0.0,0.0,0.0,0.0,0.0,0.0,0.0,0.0,0.0,0.0
2024.08.01,영암군,0.0,0.001,0.0,0.0,0.0,0.003,0.001,0.002,0.0,0.003,0.0,0.0,0.0,0.0,0.0,0.0,0.0,0.0,0.0,0.0,0.0,0.0,0.0
2024.08.01,완도군,0.0,0.0,0.0,0.0,0.0,0.003,0.002,0.0,0.0,0.0,0.0,0.0,0.0,0.0,0.0,0.0,0.0,0.0,0.0,0.0,0.0,0.0,0.0
2024.08.01,장성군,0.0,0.0,0.0,0.0,0.0,0.021,0.009,0.0,0.0,0.008,0.001,0.0,0.0,0.0,0.011,0.003,0.0,0.0,0.0,0.0,0.0,0.0,0.003
2024.08.01,장흥군,0.0,0.049,0.0,0.0,0.0,0.63,0.249,0.037,0.008,0.185,0.0,0.0,0.0,0.0,0.0,0.0,0.0,0.0,0.001,0.0,0.0,0.0,0.0
2024.08.01,진도군,0.0,0.0,0.002,0.004,0.045,0.314,0.278,0.003,0.002,0.479,0.0,0.001,0.002,0.0,0.0,0.035,0.002,0.0,0.003,0.0,0.0,0.001,0.0
2024.08.01,함평군,0.0,0.0,0.0,0.0,0.0,0.0,0.005,0.001,0.0,0.0,0.0,0.0,0.0,0.0,0.0,0.0,0.002,0.0,0.0,0.0,0.0,0.0,0.0
2024.08.01,해남군,0.0,0.0,0.0,0.0,0.0,0.0,0.0,0.0,0.0,0.0,0.0,0.0,0.0,0.0,0.0,0.0,0.0,0.0,0.0,0.0,0.0,0.0,0.0
2024.08.01,화순군,0.0,0.0,0.0,0.0,0.0,0.0,0.013,0.0,0.0,0.018,0.0,0.0,0.0,0.0,0.0,0.0,0.0,0.0,0.0,0.0,0.0,0.0,0.0
2024.08.16,강진군,0.0,0.0,0.0,0.0,0.0,0.0,0.0,0.0,0.0,0.0,0.0,0.0,0.0,0.0,0.0,0.0,0.0,0.0,0.0,0.0,0.0,0.0,0.0
2024.08.16,고흥군,0.0,0.0,0.0,0.001,0.0,0.0,0.021,0.0,0.0,0.008,0.0,0.0,0.0,0.0,0.0,0.0,0.0,0.0,0.0,0.0,0.0,0.0,0.0
2024.08.16,곡성군,0.0,0.0,0.0,0.0,0.0,0.0,0.0,0.003,0.0,0.017,0.0,0.0,0.0,0.0,0.0,0.0,0.0,0.0,0.0,0.0,0.0,0.0,0.0
2024.08.16,광양시,0.0,0.0,0.0,0.0,0.0,0.0,0.002,0.0,0.0,0.0,0.0,0.0,0.0,0.0,0.0,0.0,0.003,0.0,0.0,0.0,0.0,0.0,0.0
2024.08.16,구례군,0.0,0.0,0.0,0.0,0.0,0.0,0.0,0.0,0.0,0.0,0.0,0.0,0.0,0.0,0.0,0.0,0.0,0.0,0.0,0.0,0.0,0.0,0.0
2024.08.16,나주시,0.0,0.001,0.0,0.001,0.0,0.0,0.014,0.0,0.0,0.006,0.0,0.0,0.0,0.0,0.0,0.0,0.0,0.0,0.0,0.0,0.0,0.0,0.0
2024.08.16,담양군,0.0,0.015,0.0,0.0,0.0,0.0,0.032,0.023,0.001,0.019,0.001,0.0,0.0,0.0,0.0,0.0,0.0,0.0,0.0,0.0,0.0,0.0,0.0
2024.08.16,무안군,0.0,0.0,0.0,0.0,0.0,0.0,0.003,0.0,0.0,0.007,0.0,0.0,0.0,0.0,0.0,0.0,0.0,0.0,0.0,0.0,0.0,0.0,0.0
2024.08.16,보성군,0.0,0.0,0.0,0.006,0.082,0.317,1.209,0.0,0.0,0.139,0.0,0.0,0.0,0.0,0.0,0.0,0.0,0.0,0.0,0.0,0.0,0.0,0.0
2024.08.16,순천시,0.0,0.054,0.0,0.0,0.0,0.0,0.236,0.0,0.0,0.245,0.0,0.0,0.0,0.0,0.0,0.0,0.0,0.0,0.0,0.0,0.0,0.0,0.0
2024.08.16,신안군,0.0,0.0,0.0,0.0,0.0,0.0,0.0,0.0,0.0,0.0,0.0,0.0,0.0,0.0,0.0,0.0,0.0,0.0,0.0,0.0,0.0,0.0,0.0
2024.08.16,여수시,0.0,0.0,0.0,0.081,0.0,0.0,0.095,0.0,0.0,0.264,0.0,0.0,0.0,0.0,0.0,0.0,0.0,0.0,0.0,0.0,0.0,0.0,0.0
2024.08.16,영광군,0.0,0.0,0.0,0.0,0.0,0.0,0.0,0.0,0.0,0.0,0.0,0.0,0.0,0.0,0.0,0.0,0.0,0.0,0.0,0.0,0.0,0.0,0.0
2024.08.16,영암군,0.0,0.005,0.0,0.006,0.005,0.035,0.009,0.001,0.0,0.067,0.0,0.0,0.0,0.0,0.0,0.0,0.0,0.0,0.0,0.0,0.0,0.0,0.001
2024.08.16,완도군,0.0,0.0,0.0,0.0,0.0,0.0,0.0,0.0,0.0,0.0,0.0,0.0,0.0,0.0,0.0,0.0,0.0,0.0,0.0,0.0,0.0,0.0,0.0
2024.08.16,장성군,0.0,0.002,0.0,0.0,0.0,0.015,0.013,0.0,0.0,0.009,0.001,0.0,0.0,0.0,0.005,0.001,0.0,0.0,0.0,0.0,0.0,0.0,0.002
2024.08.16,장흥군,0.0,0.141,0.0,0.0,0.019,0.26,0.226,0.093,0.0,0.206,0.001,0.0,0.0,0.0,0.0,0.0,0.012,0.0,0.002,0.0,0.0,0.0,0.002
2024.08.16,진도군,0.0,0.0,0.0,0.005,0.003,0.007,0.168,0.0,0.0,0.174,0.0,0.0,0.0,0.0,0.0,0.001,0.0,0.0,0.0,0.0,0.0,0.0,0.0
2024.08.16,함평군,0.0,0.0,0.0,0.0,0.0,0.0,0.005,0.001,0.0,0.002,0.001,0.0,0.0,0.0,0.0,0.0,0.0,0.0,0.0,0.0,0.0,0.0,0.0
2024.08.16,해남군,0.0,0.0,0.0,0.0,0.0,0.0,0.002,0.0,0.0,0.003,0.0,0.0,0.0,0.0,0.0,0.0,0.0,0.0,0.0,0.0,0.0,0.0,0.0
2024.08.16,화순군,0.0,0.0,0.0,0.0,0.0,0.0,0.09,0.0,0.0,0.08,0.008,0.0,0.0,0.0,0.0,0.0,0.0,0.0,0.0,0.0,0.0,0.0,0.0
2024.09.01,강진군,0.0,0.004,0.0,0.0,0.0,0.0,0.001,0.0,0.0,0.003,0.0,0.0,0.0,0.0,0.0,0.0,0.0,0.0,0.0,0.0,0.0,0.0,0.0
2024.09.01,고흥군,0.0,0.008,0.0,0.008,0.012,0.0,0.017,0.0,0.0,0.01,0.0,0.0,0.0,0.0,0.0,0.0,0.0,0.0,0.0,0.0,0.0,0.0,0.0
2024.09.01,곡성군,0.0,0.003,0.0,0.003,0.0,0.0,0.0,0.003,0.0,0.0,0.0,0.0,0.0,0.0,0.0,0.0,0.0,0.0,0.0,0.0,0.0,0.0,0.0
2024.09.01,광양시,0.0,0.002,0.0,0.005,0.0,0.0,0.002,0.0,0.0,0.011,0.0,0.0,0.0,0.0,0.0,0.0,0.0,0.0,0.0,0.0,0.0,0.0,0.0
2024.09.01,구례군,0.0,0.0,0.0,0.0,0.0,0.0,0.0,0.0,0.0,0.021,0.0,0.0,0.0,0.0,0.0,0.0,0.0,0.0,0.0,0.0,0.0,0.0,0.0
2024.09.01,나주시,0.001,0.001,0.001,0.0,0.0,0.0,0.0,0.0,0.0,0.004,0.0,0.0,0.0,0.0,0.0,0.0,0.0,0.0,0.0,0.0,0.0,0.0,0.0
2024.09.01,담양군,0.002,0.015,0.016,0.0,0.0,0.0,0.04,0.023,0.002,0.021,0.001,0.0,0.0,0.0,0.0,0.0,0.0,0.0,0.0,0.0,0.0,0.0,0.0
2024.09.01,무안군,0.0,0.0,0.0,0.0,0.0,0.0,0.003,0.0,0.0,0.008,0.0,0.0,0.0,0.0,0.0,0.0,0.0,0.0,0.0,0.0,0.0,0.0,0.0
2024.09.01,보성군,0.0,0.095,0.0,0.007,0.06,0.311,1.562,0.0,0.0,0.09,0.0,0.0,0.0,0.0,0.0,0.0,0.0,0.0,0.0,0.0,0.0,0.0,0.0
2024.09.01,순천시,0.0,0.066,0.0,0.032,0.0,0.0,0.092,0.0,0.0,0.057,0.0,0.0,0.0,0.0,0.0,0.0,0.0,0.0,0.0,0.0,0.0,0.0,0.005
2024.09.01,신안군,0.0,0.0,0.0,0.0,0.0,0.0,0.0,0.0,0.0,0.0,0.0,0.0,0.0,0.0,0.0,0.0,0.0,0.0,0.0,0.0,0.0,0.0,0.0
2024.09.01,여수시,0.001,0.0,0.127,0.122,0.0,0.016,0.108,0.011,0.0,0.224,0.0,0.0,0.0,0.0,0.0,0.0,0.0,0.0,0.0,0.0,0.0,0.0,0.007
2024.09.01,영광군,0.0,0.0,0.0,0.0,0.0,0.0,0.0,0.0,0.0,0.0,0.0,0.0,0.0,0.0,0.0,0.0,0.0,0.0,0.0,0.0,0.0,0.0,0.0
2024.09.01,영암군,0.0,0.172,0.014,0.007,0.007,0.028,0.031,0.009,0.0,0.061,0.0,0.0,0.0,0.0,0.0,0.0,0.0,0.0,0.0,0.0,0.0,0.0,0.004
2024.09.01,완도군,0.0,0.0,0.0,0.0,0.0,0.003,0.005,0.0,0.0,0.0,0.0,0.0,0.0,0.0,0.0,0.0,0.0,0.0,0.0,0.0,0.0,0.0,0.0
2024.09.01,장성군,0.002,0.01,0.005,0.003,0.006,0.006,0.021,0.0,0.0,0.013,0.0,0.0,0.0,0.0,0.0,0.0,0.0,0.0,0.0,0.0,0.0,0.0,0.005
2024.09.01,장흥군,0.023,0.165,0.03,0.043,0.13,0.171,0.838,0.0,0.0,0.172,0.0,0.0,0.0,0.0,0.0,0.0,0.0,0.0,0.0,0.0,0.0,0.0,0.0
2024.09.01,진도군,0.002,0.0,0.004,0.007,0.054,0.024,0.314,0.001,0.0,0.149,0.0,0.0,0.0,0.0,0.0,0.0,0.0,0.0,0.0,0.0,0.0,0.0,0.001
2024.09.01,함평군,0.004,0.043,0.004,0.018,0.023,0.011,0.068,0.005,0.001,0.064,0.001,0.0,0.0,0.0,0.0,0.0,0.0,0.0,0.0,0.0,0.0,0.0,0.001
2024.09.01,해남군,0.018,0.0,0.0,0.0,0.059,0.0,0.0,0.0,0.0,0.0,0.0,0.0,0.0,0.0,0.0,0.0,0.0,0.0,0.0,0.0,0.0,0.0,0.0
2024.09.01,화순군,0.0,0.0,0.0,0.002,0.0,0.0,0.101,0.0,0.0,0.091,0.0,0.0,0.0,0.0,0.0,0.0,0.0,0.0,0.0,0.0,0.0,0.0,0.0
2024.09.16,강진군,0.0,0.01,0.0,0.008,0.017,0.0,0.014,0.0,0.0,0.001,0.0,0.0,0.0,0.0,0.0,0.0,0.0,0.0,0.0,0.0,0.0,0.0,0.0
2024.09.16,고흥군,0.0,0.032,0.0,0.021,0.049,0.0,0.0,0.0,0.0,0.0,0.0,0.0,0.0,0.0,0.0,0.0,0.0,0.0,0.0,0.0,0.0,0.0,0.0
2024.09.16,곡성군,0.0,0.003,0.0,0.003,0.0,0.0,0.003,0.0,0.0,0.0,0.0,0.0,0.0,0.0,0.0,0.0,0.0,0.0,0.0,0.0,0.0,0.0,0.0
2024.09.16,광양시,0.0,0.007,0.0,0.002,0.0,0.0,0.0,0.0,0.0,0.011,0.0,0.0,0.0,0.0,0.0,0.0,0.0,0.0,0.0,0.0,0.0,0.0,0.0
2024.09.16,구례군,0.0,0.0,0.0,0.0,0.0,0.0,0.0,0.0,0.0,0.021,0.0,0.0,0.0,0.0,0.0,0.0,0.0,0.0,0.0,0.0,0.0,0.0,0.0
2024.09.16,나주시,0.001,0.002,0.003,0.002,0.0,0.0,0.013,0.0,0.0,0.005,0.0,0.0,0.0,0.0,0.0,0.0,0.0,0.0,0.0,0.0,0.0,0.0,0.0
2024.09.16,담양군,0.002,0.015,0.016,0.0,0.0,0.0,0.049,0.024,0.002,0.021,0.001,0.0,0.0,0.0,0.0,0.0,0.0,0.0,0.0,0.0,0.0,0.0,0.0
2024.09.16,무안군,0.0,0.0,0.0,0.0,0.0,0.0,0.004,0.0,0.0,0.01,0.0,0.0,0.0,0.0,0.0,0.0,0.0,0.0,0.0,0.0,0.0,0.0,0.001
2024.09.16,보성군,0.0,0.034,0.0,0.179,3.682,0.231,1.116,0.0,0.0,0.0,0.0,0.0,0.0,0.0,0.0,0.0,0.0,0.178,0.0,0.0,0.0,0.0,0.0
2024.09.16,순천시,0.0,0.048,0.0,0.024,0.053,0.0,0.102,0.0,0.0,0.0,0.0,0.0,0.0,0.0,0.0,0.0,0.0,0.0,0.0,0.0,0.0,0.0,0.005
2024.09.16,신안군,0.0,0.0,0.0,0.002,0.0,0.0,0.0,0.0,0.0,0.0,0.0,0.0,0.0,0.0,0.0,0.0,0.0,0.0,0.0,0.0,0.0,0.0,0.0
2024.09.16,여수시,0.001,0.0,0.146,0.122,0.0,0.0,0.102,0.0,0.0,0.283,0.0,0.0,0.0,0.0,0.0,0.0,0.0,0.0,0.0,0.0,0.0,0.0,0.008
2024.09.16,영광군,0.0,0.0,0.0,0.0,0.0,0.0,0.0,0.0,0.0,0.0,0.0,0.0,0.0,0.0,0.0,0.0,0.0,0.0,0.0,0.0,0.0,0.0,0.0
2024.09.16,영암군,0.0,0.182,0.014,0.012,0.039,0.089,0.033,0.01,0.0,0.067,0.0,0.0,0.0,0.0,0.0,0.0,0.0,0.0,0.0,0.0,0.0,0.0,0.004
2024.09.16,완도군,0.0,0.0,0.0,0.013,0.0,0.0,0.027,0.0,0.0,0.005,0.0,0.0,0.0,0.0,0.0,0.0,0.0,0.0,0.0,0.0,0.0,0.0,0.0
2024.09.16,장성군,0.004,0.012,0.004,0.002,2.086,0.01,0.019,0.002,0.0,0.011,0.0,0.0,0.0,0.0,0.0,0.0,0.0,0.0,0.001,0.0,0.0,0.0,0.002
2024.09.16,장흥군,0.085,0.392,0.128,0.112,0.886,0.098,1.285,0.0,0.0,0.326,0.0,0.0,0.0,0.0,0.0,0.0,0.0,0.0,0.0,0.0,0.0,0.006,0.0
2024.09.16,진도군,0.003,0.0,0.011,0.08,0.156,0.0,0.012,0.0,0.0,0.043,0.0,0.0,0.0,0.0,0.0,0.0,0.0,0.0,0.0,0.0,0.0,0.0,0.001
2024.09.16,함평군,0.0,0.001,0.004,0.002,0.005,0.0,0.0,0.0,0.0,0.002,0.0,0.0,0.0,0.0,0.0,0.0,0.0,0.0,0.0,0.0,0.0,0.0,0.0
2024.09.16,해남군,0.0,0.0,0.0,0.0,0.02,0.0,0.0,0.0,0.0,0.0,0.0,0.0,0.0,0.0,0.0,0.0,0.0,0.0,0.0,0.0,0.0,0.0,0.0
2024.09.16,화순군,0.005,0.0,0.005,0.195,0.0,0.0,0.255,0.0,0.0,0.205,0.0,0.0,0.0,0.0,0.0,0.0,0.0,0.0,0.0,0.0,0.0,0.007,0.0
2025.06.01,강진군,0.0,0.0,0.0,0.0,,,0.0,0.0,0.0,0.0,0.0,0.0,0.0,0.0,0.0,0.0,0.0,0.0,0.0,0.0,0.0,0.0,0.0
2025.06.01,고흥군,0.0,0.0,0.0,0.0,,,0.0,0.0,0.0,0.0,0.0,0.0,0.0,0.0,0.0,0.0,0.0,0.0,0.0,0.0,0.0,0.0,0.0
2025.06.01,곡성군,0.0,0.0,0.0,0.0,,,0.0,0.0,0.0,0.0,0.0,0.0,0.0,0.0,0.0,0.0,0.0,0.0,0.0,0.0,0.0,0.0,0.0
2025.06.01,광양시,0.0,0.0,0.0,0.0,,,0.0,0.0,0.0,0.0,0.0,0.0,0.0,0.0,0.0,0.0,0.0,0.0,0.0,0.0,0.0,0.0,0.0
2025.06.01,구례군,0.0,0.0,0.0,0.0,,,0.0,0.0,0.0,0.0,0.0,0.0,0.0,0.0,0.0,0.0,0.0,0.0,0.0,0.0,0.0,0.0,0.0
2025.06.01,나주시,0.0,0.0,0.0,0.0,,,0.0,0.0,0.0,0.0,0.0,0.0,0.0,0.0,0.0,0.0,0.0,0.0,0.0,0.0,0.0,0.0,0.0
2025.06.01,담양군,0.0,0.0,0.0,0.0,,,0.0,0.0,0.0,0.0,0.0,0.0,0.0,0.0,0.0,0.0,0.0,0.0,0.0,0.0,0.0,0.0,0.0
2025.06.01,무안군,0.0,0.0,0.0,0.0,,,0.0,0.0,0.0,0.0,0.0,0.0,0.0,0.0,0.0,0.0,0.0,0.0,0.0,0.0,0.0,0.0,0.0
2025.06.01,보성군,0.0,0.0,0.0,0.0,,,0.0,0.0,0.0,0.0,0.0,0.0,0.0,0.0,0.0,0.0,0.0,0.0,0.0,0.0,0.0,0.0,0.0
2025.06.01,순천시,0.0,0.0,0.0,0.0,,,0.0,0.0,0.0,0.0,0.0,0.0,0.0,0.0,0.0,0.0,0.0,0.0,0.0,0.0,0.0,0.0,0.0
2025.06.01,신안군,0.0,0.0,0.0,0.0,,,0.0,0.0,0.0,0.0,0.0,0.0,0.0,0.0,0.0,0.0,0.0,0.0,0.0,0.0,0.0,0.0,0.0
2025.06.01,여수시,0.0,0.0,0.0,0.0,,,0.0,0.0,0.0,0.0,0.0,0.0,0.0,0.0,0.0,0.0,0.0,0.0,0.0,0.0,0.0,0.0,0.0
2025.06.01,영광군,0.0,0.0,0.0,0.0,,,0.0,0.0,0.0,0.0,0.0,0.0,0.0,0.0,0.0,0.0,0.0,0.0,0.0,0.0,0.0,0.0,0.0
2025.06.01,영암군,0.0,0.0,0.0,0.0,,,0.0,0.0,0.0,0.0,0.0,0.0,0.0,0.0,0.0,0.0,0.0,0.0,0.0,0.0,0.0,0.0,0.0
2025.06.01,완도군,0.0,0.0,0.0,0.0,,,0.0,0.0,0.0,0.0,0.0,0.0,0.0,0.0,0.0,0.0,0.0,0.0,0.0,0.0,0.0,0.0,0.0
2025.06.01,장성군,0.0,0.0,0.0,0.0,,,0.0,0.0,0.0,0.0,0.0,0.0,0.0,0.0,0.0,0.0,0.0,0.0,0.0,0.0,0.0,0.0,0.0
2025.06.01,장흥군,0.0,0.0,0.0,0.0,,,0.0,0.0,0.0,0.0,0.0,0.0,0.0,0.0,0.0,0.0,0.0,0.0,0.0,0.0,0.0,0.0,0.0
2025.06.01,진도군,0.0,0.0,0.0,0.0,,,0.0,0.0,0.0,0.0,0.0,0.0,0.0,0.0,0.0,0.0,0.001,0.0,0.0,0.0,0.0,0.0,0.0
2025.06.01,함평군,0.0,0.0,0.0,0.0,,,0.0,0.0,0.0,0.0,0.0,0.0,0.0,0.0,0.0,0.0,0.0,0.0,0.0,0.0,0.0,0.0,0.0
2025.06.01,해남군,0.0,0.0,0.0,0.0,,,0.0,0.0,0.0,0.0,0.0,0.0,0.0,0.0,0.0,0.0,0.0,0.0,0.0,0.0,0.0,0.0,0.0
2025.06.01,화순군,0.0,0.0,0.0,0.0,,,0.0,0.0,0.0,0.0,0.0,0.0,0.0,0.0,0.0,0.0,0.0,0.0,0.0,0.0,0.0,0.0,0.0
2025.06.16,강진군,0.0,0.0,0.0,0.0,0.0,0.0,0.0,0.0,0.0,0.0,0.0,0.0,0.0,0.0,0.0,0.0,0.0,0.0,0.0,0.0,0.0,0.0,0.0
2025.06.16,고흥군,0.0,0.0,0.0,0.0,0.0,0.0,0.0,0.0,0.0,0.0,0.0,0.0,0.0,0.0,0.0,0.0,0.0,0.0,0.0,0.0,0.0,0.0,0.0
2025.06.16,곡성군,0.0,0.0,0.0,0.0,0.0,0.0,0.0,0.0,0.0,0.0,0.0,0.0,0.0,0.0,0.0,0.0,0.0,0.0,0.0,0.0,0.0,0.0,0.0
2025.06.16,광양시,0.0,0.0,0.0,0.0,0.0,0.0,0.0,0.0,0.0,0.0,0.0,0.0,0.0,0.0,0.0,0.0,0.0,0.0,0.0,0.0,0.0,0.0,0.0
2025.06.16,구례군,0.0,0.0,0.0,0.0,0.0,0.0,0.0,0.0,0.0,0.0,0.0,0.0,0.0,0.0,0.0,0.0,0.0,0.0,0.0,0.0,0.0,0.0,0.0
2025.06.16,나주시,0.0,0.0,0.0,0.0,0.0,0.0,0.0,0.0,0.0,0.0,0.0,0.0,0.0,0.0,0.0,0.0,0.0,0.0,0.0,0.0,0.0,0.0,0.0
2025.06.16,담양군,0.0,0.0,0.0,0.0,0.0,0.0,0.0,0.0,0.0,0.0,0.0,0.0,0.0,0.0,0.0,0.0,0.0,0.0,0.0,0.0,0.0,0.0,0.0
2025.06.16,무안군,0.0,0.0,0.0,0.0,0.0,0.0,0.0,0.0,0.0,0.0,0.0,0.0,0.0,0.0,0.0,0.0,0.0,0.0,0.0,0.0,0.0,0.0,0.0
2025.06.16,보성군,0.0,0.0,0.0,0.0,0.0,0.0,0.0,0.0,0.0,0.0,0.0,0.0,0.0,0.0,0.0,0.0,0.0,0.0,0.0,0.0,0.0,0.0,0.0
2025.06.16,순천시,0.0,0.0,0.0,0.0,0.0,0.0,0.0,0.059,0.0,0.0,0.0,0.0,0.0,0.0,0.0,0.0,0.053,0.0,0.0,0.0,0.0,0.0,0.0
2025.06.16,신안군,0.0,0.0,0.0,0.0,0.0,0.0,0.0,0.0,0.0,0.0,0.0,0.0,0.0,0.0,0.0,0.0,0.0,0.0,0.0,0.0,0.0,0.0,0.0
2025.06.16,여수시,0.0,0.0,0.0,0.0,0.0,0.0,0.0,0.0,0.0,0.0,0.0,0.0,0.0,0.0,0.0,0.0,0.009,0.0,0.0,0.0,0.0,0.0,0.0
2025.06.16,영광군,0.0,0.0,0.0,0.0,0.0,0.0,0.0,0.0,0.0,0.0,0.0,0.0,0.0,0.0,0.0,0.0,0.0,0.0,0.0,0.0,0.0,0.0,0.0
2025.06.16,영암군,0.0,0.0,0.0,0.0,0.0,0.0,0.0,0.0,0.0,0.0,0.0,0.0,0.0,0.0,0.0,0.0,0.0,0.0,0.0,0.0,0.0,0.0,0.0
2025.06.16,완도군,0.0,0.0,0.0,0.0,0.0,0.0,0.0,0.0,0.0,0.0,0.0,0.0,0.0,0.0,0.0,0.0,0.0,0.0,0.0,0.0,0.0,0.0,0.0
2025.06.16,장성군,0.0,0.0,0.0,0.0,0.0,0.0,0.0,0.0,0.0,0.0,0.0,0.0,0.0,0.0,0.0,0.0,0.0,0.0,0.0,0.0,0.0,0.0,0.0
2025.06.16,장흥군,0.0,0.0,0.0,0.0,0.0,0.0,0.0,0.0,0.0,0.0,0.0,0.0,0.0,0.0,0.0,0.0,0.0,0.0,0.0,0.0,0.0,0.0,0.0
2025.06.16,진도군,0.0,0.0,0.0,0.0,0.0,0.001,0.0,0.0,0.0,0.0,0.0,0.0,0.002,0.0,0.11,0.0,0.012,0.0,0.0,0.0,0.0,0.0,0.0
2025.06.16,함평군,0.0,0.0,0.0,0.0,0.0,0.0,0.0,0.0,0.0,0.0,0.0,0.0,0.0,0.0,0.0,0.0,0.0,0.0,0.0,0.0,0.0,0.0,0.0
2025.06.16,해남군,0.0,0.0,0.0,0.0,0.051,0.101,0.051,0.0,0.0,0.0,0.0,0.0,0.0,0.0,0.0,0.0,0.0,0.0,0.0,0.0,0.0,0.0,0.0
2025.06.16,화순군,0.0,0.0,0.0,0.0,0.0,0.001,0.0,0.004,0.0,0.0,0.0,0.0,0.0,0.0,0.0,0.0,0.046,0.0,0.0,0.0,0.0,0.0,0.0
2025.07.01,강진군,0.0,0.0,0.0,0.0,0.0,0.0,0.0,0.0,0.0,0.0,0.0,0.0,0.0,0.0,0.0,0.0,0.0,0.0,0.0,0.0,0.0,0.0,0.0
2025.07.01,고흥군,0.0,0.0,0.0,0.0,0.0,0.0,0.0,0.0,0.0,0.0,0.0,0.002,0.0,0.0,0.0,0.0,0.0,0.0,0.0,0.0,0.0,0.0,0.0
2025.07.01,곡성군,0.0,0.0,0.0,0.003,0.0,0.0,0.0,0.012,0.0,0.0,0.0,0.0,0.0,0.0,0.0,0.0,0.019,0.0,0.001,0.0,0.0,0.0,0.0
2025.07.01,광양시,0.0,0.0,0.0,0.0,0.0,0.0,0.0,0.0,0.0,0.0,0.0,0.0,0.0,0.0,0.0,0.0,0.0,0.0,0.0,0.0,0.0,0.0,0.0
2025.07.01,구례군,0.0,0.0,0.0,0.0,0.0,0.0,0.0,0.0,0.0,0.0,0.0,0.0,0.0,0.0,0.0,0.0,0.0,0.0,0.0,0.0,0.0,0.0,0.0
2025.07.01,나주시,0.0,0.0,0.0,0.0,0.0,0.0,0.0,0.0,0.0,0.0,0.0,0.0,0.0,0.0,0.0,0.0,0.0,0.0,0.0,0.0,0.0,0.0,0.0
2025.07.01,담양군,0.0,0.0,0.0,0.0,0.0,0.0,0.0,0.0,0.0,0.0,0.0,0.0,0.0,0.0,0.0,0.0,0.0,0.0,0.0,0.0,0.0,0.0,0.0
2025.07.01,무안군,0.0,0.0,0.0,0.0,0.0,0.0,0.0,0.0,0.0,0.0,0.0,0.0,0.0,0.0,0.0,0.0,0.0,0.0,0.0,0.0,0.0,0.0,0.0
2025.07.01,보성군,0.0,0.0,0.0,0.0,0.0,0.0,0.0,0.0,0.0,0.0,0.0,0.0,0.0,0.0,0.0,0.0,0.0,0.0,0.0,0.0,0.0,0.0,0.0
2025.07.01,순천시,0.0,0.0,0.0,0.0,0.0,0.0,0.0,0.0,0.0,0.0,0.0,0.0,0.0,0.0,0.0,0.0,0.0,0.0,0.0,0.0,0.0,0.0,0.0
2025.07.01,신안군,0.0,0.0,0.0,0.0,0.0,0.0,0.0,0.0,0.0,0.0,0.0,0.0,0.0,0.0,0.0,0.0,0.0,0.0,0.0,0.0,0.0,0.0,0.0
2025.07.01,여수시,0.0,0.0,0.0,0.0,0.0,0.0,0.0,0.018,0.001,0.0,0.0,0.001,0.0,0.0,0.0,0.0,0.9,0.0,0.0,0.0,0.0,0.0,0.0
2025.07.01,영광군,0.0,0.0,0.0,0.0,0.0,0.0,0.0,0.0,0.0,0.0,0.0,0.0,0.0,0.0,0.0,0.0,0.0,0.0,0.0,0.0,0.0,0.0,0.0
2025.07.01,영암군,0.0,0.0,0.0,0.0,0.0,0.0,0.0,0.003,0.0,0.0,0.0,0.0,0.0,0.0,0.01,0.002,0.002,0.0,0.001,0.0,0.0,0.0,0.0
2025.07.01,완도군,0.0,0.0,0.0,0.0,0.0,0.0,0.0,0.0,0.0,0.0,0.0,0.0,0.0,0.0,0.0,0.0,0.0,0.0,0.0,0.0,0.0,0.0,0.0
2025.07.01,장성군,0.0,0.0,0.0,0.0,0.0,0.0,0.0,0.0,0.0,0.0,0.0,0.0,0.0,0.0,0.0,0.0,0.0,0.0,0.0,0.0,0.0,0.0,0.0
2025.07.01,진도군,0.0,0.0,0.0,0.0,0.0,0.031,0.001,0.032,0.0,0.0,0.0,0.0,0.0,0.0,0.384,0.0,0.001,0.0,0.0,0.0,0.0,0.0,0.0
2025.07.01,함평군,0.0,0.0,0.0,0.0,0.0,0.0,0.0,0.0,0.0,0.0,0.0,0.0,0.0,0.0,0.0,0.0,0.0,0.0,0.0,0.0,0.0,0.0,0.0
2025.07.01,해남군,0.0,0.0,0.0,0.0,0.078,0.161,0.04,0.0,0.0,0.0,0.0,0.0,0.0,0.0,0.007,0.0,0.0,0.0,0.0,0.0,0.0,0.0,0.0
2025.07.01,화순군,0.0,0.0,0.0,0.0,0.0,0.0,0.0,0.004,0.0,0.003,0.0,0.0,0.0,0.0,0.0,0.0,0.047,0.0,0.0,0.0,0.0,0.0,0.0
2025.07.16,강진군,0.0,0.0,0.0,0.0,0.0,0.0,0.0,0.0,0.0,0.0,0.0,0.0,0.0,0.0,0.0,0.0,0.0,0.0,0.0,0.0,0.0,0.0,0.0
2025.07.16,고흥군,0.0,0.0,0.0,0.0,0.0,0.001,0.0,0.005,0.0,0.0,0.0,0.0,0.0,0.0,0.001,0.0,0.0,0.0,0.0,0.0,0.0,0.0,0.0
2025.07.16,곡성군,0.0,0.0,0.0,0.0,0.0,0.0,0.0,0.007,0.0,0.0,0.0,0.0,0.0,0.0,0.0,0.0,0.001,0.0,0.0,0.0,0.0,0.0,0.0
2025.07.16,광양시,0.0,0.0,0.0,0.0,0.0,0.0,0.0,0.0,0.0,0.0,0.0,0.0,0.0,0.0,0.0,0.002,0.0,0.0,0.0,0.0,0.0,0.0,0.0
2025.07.16,구례군,0.0,0.0,0.0,0.0,0.0,0.0,0.0,0.0,0.0,0.0,0.0,0.0,0.0,0.0,0.0,0.0,0.0,0.0,0.0,0.0,0.0,0.0,0.0
2025.07.16,나주시,0.0,0.0,0.0,0.0,0.0,0.0,0.0,0.0,0.0,0.006,0.0,0.0,0.002,0.0,0.0,0.0,0.026,0.0,0.0,0.0,0.0,0.0,0.0
2025.07.16,담양군,0.0,0.0,0.0,0.0,0.0,0.0,0.0,0.0,0.0,0.0,0.0,0.0,0.0,0.0,0.0,0.0,0.0,0.0,0.0,0.0,0.0,0.0,0.0
2025.07.16,무안군,0.0,0.0,0.0,0.0,0.0,0.0,0.0,0.0,0.0,0.0,0.0,0.0,0.0,0.0,0.0,0.0,0.0,0.0,0.0,0.0,0.0,0.0,0.0
2025.07.16,보성군,0.0,0.0,0.0,0.0,0.0,0.013,0.011,0.002,0.003,0.0,0.0,0.0,0.0,0.0,0.0,0.0,0.008,0.0,0.0,0.0,0.0,0.0,0.0
2025.07.16,순천시,0.0,0.0,0.0,0.018,0.0,0.0,0.0,0.053,0.001,0.066,0.0,0.0,0.024,0.0,0.0,0.0,0.0,0.0,0.006,0.0,0.0,0.0,0.0
2025.07.16,신안군,0.0,0.0,0.0,0.0,0.0,0.004,0.0,0.001,0.0,0.0,0.0,0.0,0.0,0.0,0.012,0.0,0.0,0.0,0.0,0.0,0.0,0.0,0.0
2025.07.16,여수시,0.0,0.0,0.0,0.041,0.0,0.001,0.013,0.0,0.0,0.0,0.0,0.001,0.0,0.0,0.0,0.023,0.0,0.0,0.0,0.0,0.0,0.0,0.0
2025.07.16,영광군,0.0,0.0,0.0,0.0,0.0,0.0,0.0,0.0,0.0,0.0,0.0,0.0,0.0,0.0,0.0,0.0,0.0,0.0,0.0,0.0,0.0,0.0,0.0
2025.07.16,영암군,0.0,0.0,0.0,0.0,0.0,0.001,0.001,0.006,0.0,0.0,0.0,0.0,0.0,0.0,0.009,0.0,0.001,0.0,0.0,0.0,0.0,0.0,0.0
2025.07.16,완도군,0.0,0.0,0.0,0.0,0.0,0.433,0.0,0.0,0.0,0.0,0.0,0.0,0.0,0.0,0.467,0.0,0.0,0.0,0.0,0.0,0.0,0.0,0.0
2025.07.16,장성군,0.0,0.0,0.0,0.0,0.0,0.0,0.0,0.0,0.0,0.0,0.0,0.0,0.0,0.0,0.0,0.0,0.0,0.0,0.0,0.0,0.0,0.0,0.0
2025.07.16,장흥군,0.0,0.01,0.0,0.0,0.0,0.006,0.0,0.0,0.0,0.0,0.0,0.0,0.0,0.0,0.0,0.0,0.0,0.0,0.0,0.0,0.0,0.0,0.0
2025.07.16,진도군,0.0,0.0,0.0,0.0,0.0,0.071,0.003,0.011,0.0,0.004,0.0,0.0,0.0,0.0,0.041,0.004,0.007,0.0,0.006,0.0,0.0,0.0,0.0
2025.07.16,함평군,0.0,0.0,0.0,0.0,0.0,0.0,0.0,0.0,0.0,0.0,0.0,0.0,0.0,0.0,0.0,0.0,0.0,0.0,0.0,0.0,0.0,0.0,0.0
2025.07.16,해남군,0.0,0.0,0.0,0.0,0.044,0.049,0.047,0.0,0.0,0.0,0.0,0.0,0.0,0.0,0.0,0.0,0.0,0.0,0.0,0.0,0.0,0.0,0.0
2025.07.16,화순군,0.0,0.0,0.0,0.0,0.0,0.16,0.0,0.003,0.004,0.001,0.001,0.0,0.0,0.0,0.065,0.0,0.002,0.0,0.0,0.0,0.0,0.0,0.0
2025.08.01,강진군,0.0,0.0,0.0,0.0,0.0,0.0,0.0,0.0,0.0,0.0,0.0,0.0,0.0,0.0,0.0,0.0,0.0,0.0,0.0,0.0,0.0,0.0,0.0
2025.08.01,고흥군,0.0,0.0,0.0,0.0,0.0,0.005,0.005,0.0,0.0,0.001,0.0,0.0,0.0,0.0,0.0,0.0,0.0,0.0,0.0,0.0,0.0,0.0,0.0
2025.08.01,광양시,0.0,0.0,0.0,0.002,0.0,0.0,0.0,0.0,0.0,0.0,0.0,0.0,0.0,0.0,0.0,0.0,0.0,0.0,0.0,0.0,0.0,0.0,0.0
2025.08.01,구례군,0.0,0.0,0.0,0.0,0.0,0.0,0.0,0.0,0.0,0.0,0.0,0.0,0.0,0.0,0.0,0.0,0.0,0.0,0.0,0.0,0.0,0.0,0.0
2025.08.01,담양군,0.0,0.006,0.0,0.0,0.0,0.0,0.0,0.007,0.001,0.017,0.001,0.0,0.0,0.0,0.0,0.0,0.003,0.0,0.0,0.0,0.0,0.0,0.001
2025.08.01,무안군,0.0,0.0,0.0,0.0,0.0,0.0,0.0,0.0,0.0,0.002,0.0,0.0,0.0,0.0,0.0,0.0,0.0,0.0,0.0,0.0,0.0,0.0,0.0
2025.08.01,보성군,0.0,0.0,0.0,0.0,0.0,0.0,0.0,0.0,0.0,0.0,0.0,0.0,0.0,0.0,0.0,0.0,0.0,0.0,0.0,0.0,0.0,0.0,0.0
2025.08.01,신안군,0.0,0.0,0.0,0.0,0.0,0.001,0.0,0.002,0.0,0.0,0.0,0.0,0.0,0.0,0.0,0.0,0.0,0.0,0.0,0.0,0.0,0.0,0.0
2025.08.01,여수시,0.0,0.217,0.0,0.455,0.0,0.0,0.867,0.0,0.0,0.0,0.0,0.0,0.0,0.0,0.016,0.748,0.0,0.0,0.0,0.0,0.0,0.0,0.285
2025.08.01,영광군,0.0,0.0,0.0,0.0,0.0,0.0,0.0,0.0,0.0,0.0,0.0,0.0,0.0,0.0,0.0,0.0,0.0,0.0,0.0,0.0,0.0,0.0,0.0
2025.08.01,영암군,0.0,0.0,0.0,0.0,0.002,0.002,0.0,0.001,0.0,0.0,0.0,0.0,0.0,0.0,0.0,0.0,0.0,0.0,0.0,0.0,0.0,0.0,0.0
2025.08.01,완도군,0.0,0.0,0.0,0.002,0.0,0.2,0.0,0.0,0.0,0.0,0.0,0.0,0.0,0.0,0.003,0.0,0.0,0.0,0.0,0.0,0.0,0.0,0.0
2025.08.01,장성군,0.0,0.0,0.0,0.0,0.0,0.0,0.0,0.0,0.0,0.0,0.0,0.0,0.0,0.0,0.0,0.0,0.0,0.0,0.0,0.0,0.0,0.0,0.0
2025.08.01,장흥군,0.0,0.0,0.0,0.0,0.0,0.002,0.0,0.0,0.001,0.011,0.0,0.0,0.0,0.0,0.0,0.0,0.0,0.0,0.0,0.0,0.0,0.0,0.0
2025.08.01,진도군,0.0,0.0,0.0,0.007,0.0,0.007,0.002,0.003,0.0,0.01,0.0,0.0,0.0,0.0,0.012,0.008,0.0,0.0,0.0,0.0,0.0,0.0,0.0
2025.08.01,함평군,0.0,0.0,0.0,0.0,0.0,0.0,0.0,0.0,0.0,0.0,0.0,0.0,0.0,0.0,0.0,0.0,0.0,0.0,0.0,0.0,0.0,0.0,0.0
2025.08.01,해남군,0.0,0.0,0.0,0.0,0.045,0.0,0.087,0.0,0.002,0.416,0.0,0.0,0.0,0.0,0.0,0.0,0.0,0.0,0.0,0.0,0.0,0.0,0.0
2025.08.01,화순군,0.0,0.0,0.0,0.0,0.001,0.012,0.0,0.003,0.002,0.001,0.0,0.0,0.0,0.0,0.005,0.0,0.006,0.0,0.0,0.0,0.0,0.0,0.0
2025.08.16,강진군,0.0,0.0,0.0,0.0,0.0,0.0,0.0,0.0,0.0,0.0,0.0,0.0,0.0,0.0,0.0,0.0,0.0,0.0,0.0,0.0,0.0,0.0,0.0
2025.08.16,고흥군,0.0,0.0,0.0,0.004,0.0,0.001,0.005,0.0,0.0,0.013,0.0,0.0,0.0,0.0,0.0,0.001,0.0,0.0,0.0,0.0,0.0,0.0,0.0
2025.08.16,곡성군,0.0,0.001,0.0,0.003,0.0,0.0,0.0,0.0,0.0,0.0,0.0,0.0,0.0,0.0,0.0,0.0,0.0,0.0,0.0,0.0,0.0,0.0,0.0
2025.08.16,광양시,0.0,0.0,0.0,0.0,0.0,0.0,0.0,0.0,0.0,0.0,0.0,0.0,0.0,0.0,0.0,0.0,0.0,0.0,0.0,0.0,0.0,0.0,0.0
2025.08.16,구례군,0.0,0.0,0.0,0.0,0.0,0.0,0.0,0.0,0.0,0.0,0.0,0.0,0.0,0.0,0.0,0.0,0.0,0.0,0.0,0.0,0.0,0.0,0.0
2025.08.16,나주시,0.0,0.0,0.0,0.001,0.0,0.004,0.0,0.0,0.0,0.007,0.0,0.0,0.0,0.0,0.001,0.0,0.0,0.0,0.0,0.0,0.0,0.0,0.0
2025.08.16,담양군,0.0,0.007,0.0,0.009,0.0,0.0,0.001,0.0,0.0,0.028,0.0,0.0,0.0,0.0,0.0,0.0,0.0,0.0,0.001,0.0,0.0,0.0,0.0
2025.08.16,무안군,0.0,0.0,0.0,0.0,0.0,0.0,0.0,0.0,0.0,0.006,0.0,0.0,0.0,0.0,0.0,0.0,0.0,0.0,0.0,0.0,0.0,0.0,0.0
2025.08.16,보성군,0.0,0.0,0.0,0.0,0.0,0.0,0.0,0.0,0.0,0.0,0.0,0.0,0.0,0.0,0.0,0.0,0.0,0.0,0.0,0.0,0.0,0.0,0.0
2025.08.16,순천시,0.0,0.047,0.0,0.041,0.0,0.059,0.086,0.083,0.002,0.244,0.0,0.0,0.0,0.0,0.0,0.0,0.0,0.0,0.0,0.0,0.0,0.0,0.0
2025.08.16,신안군,0.0,0.0,0.0,0.008,0.0,0.001,0.0,0.004,0.0,0.025,0.0,0.0,0.0,0.0,0.0,0.0,0.0,0.0,0.0,0.0,0.0,0.0,0.0
2025.08.16,여수시,0.0,0.014,0.0,0.046,0.003,0.0,0.033,0.001,0.001,0.0,0.0,0.0,0.0,0.0,0.0,0.0,0.0,0.0,0.0,0.0,0.0,0.0,0.001
2025.08.16,영광군,0.0,0.0,0.0,0.001,0.0,0.0,0.0,0.0,0.0,0.0,0.0,0.0,0.0,0.0,0.0,0.0,0.0,0.0,0.0,0.0,0.0,0.0,0.0
2025.08.16,영암군,0.0,0.006,0.0,0.005,0.001,0.004,0.003,0.004,0.0,0.03,0.0,0.0,0.0,0.001,0.0,0.0,0.0,0.0,0.0,0.0,0.0,0.0,0.0
2025.08.16,완도군,0.0,0.0,0.0,0.0,0.0,0.068,0.0,0.0,0.0,0.0,0.0,0.0,0.0,0.0,0.0,0.0,0.0,0.0,0.0,0.0,0.0,0.0,0.0
2025.08.16,장성군,0.0,0.0,0.0,0.0,0.0,0.0,0.0,0.0,0.0,0.0,0.0,0.0,0.0,0.0,0.0,0.0,0.0,0.0,0.0,0.0,0.0,0.0,0.0
2025.08.16,장흥군,0.0,0.003,0.0,0.0,0.0,0.0,0.0,0.0,0.001,0.011,0.0,0.0,0.0,0.0,0.0,0.0,0.0,0.0,0.0,0.0,0.0,0.0,0.0
2025.08.16,진도군,0.0,0.0,0.001,0.006,0.002,0.015,0.015,0.001,0.0,0.114,0.0,0.0,0.0,0.0,0.0,0.0,0.0,0.0,0.0,0.0,0.0,0.0,0.001
2025.08.16,함평군,0.0,0.0,0.0,0.0,0.0,0.0,0.0,0.0,0.0,0.027,0.0,0.0,0.0,0.0,0.0,0.0,0.0,0.0,0.0,0.0,0.0,0.0,0.0
2025.08.16,해남군,0.023,0.0,0.0,0.0,0.101,0.0,0.142,0.0,0.0,1.635,0.0,0.0,0.0,0.0,0.0,0.0,0.0,0.0,0.0,0.0,0.0,0.0,0.0
2025.08.16,화순군,0.0,0.0,0.0,0.0,0.0,0.017,0.001,0.0,0.0,0.003,0.0,0.0,0.0,0.0,0.0,0.0,0.001,0.0,0.0,0.0,0.0,0.0,0.0
2025.09.01,강진군,0.0,0.0,0.0,0.0,0.0,0.0,0.0,0.0,0.0,0.005,0.0,0.0,0.0,0.0,0.0,0.0,0.0,0.0,0.0,0.0,0.0,0.0,0.0
2025.09.01,고흥군,0.0,0.0,0.0,0.012,0.0,0.0,0.005,0.0,0.0,0.012,0.0,0.0,0.0,0.0,0.0,0.0,0.0,0.0,0.0,0.0,0.0,0.0,0.0
2025.09.01,곡성군,0.0,0.001,0.0,0.011,0.0,0.0,0.0,0.0,0.0,0.043,0.0,0.0,0.0,0.0,0.0,0.0,0.0,0.0,0.0,0.0,0.0,0.0,0.0
2025.09.01,광양시,0.0,0.0,0.0,0.002,0.0,0.0,0.0,0.0,0.0,0.0,0.0,0.0,0.0,0.0,0.0,0.0,0.0,0.0,0.0,0.0,0.0,0.0,0.0
2025.09.01,구례군,0.0,0.0,0.0,0.008,0.0,0.0,0.0,0.0,0.0,0.009,0.0,0.0,0.0,0.0,0.0,0.0,0.0,0.0,0.0,0.0,0.0,0.0,0.0
2025.09.01,나주시,0.0,0.0,0.0,0.003,0.0,0.002,0.0,0.0,0.0,0.008,0.0,0.0,0.0,0.0,0.0,0.0,0.0,0.0,0.0,0.0,0.0,0.0,0.0
2025.09.01,담양군,0.0,0.006,0.0,0.017,0.0,0.0,0.0,0.002,0.0,0.024,0.0,0.0,0.0,0.0,0.0,0.0,0.0,0.0,0.0,0.0,0.0,0.0,0.0
2025.09.01,무안군,0.0,0.0,0.0,0.001,0.0,0.0,0.001,0.0,0.0,0.01,0.0,0.0,0.0,0.0,0.0,0.0,0.0,0.0,0.0,0.0,0.0,0.0,0.0
2025.09.01,보성군,0.0,0.019,0.0,0.188,0.0,0.0,0.0,0.0,0.0,0.07,0.0,0.0,0.0,0.0,0.0,0.0,0.0,0.0,0.0,0.0,0.0,0.0,0.0
2025.09.01,순천시,0.0,0.059,0.0,0.089,0.0,0.118,0.041,0.018,0.001,0.16,0.0,0.0,0.0,0.0,0.0,0.0,0.0,0.0,0.0,0.0,0.0,0.0,0.006
2025.09.01,신안군,0.0,0.0,0.0,0.013,0.0,0.0,0.0,0.001,0.0,0.05,0.0,0.0,0.0,0.0,0.0,0.0,0.0,0.0,0.0,0.0,0.0,0.0,0.0
2025.09.01,여수시,0.0,0.007,0.007,0.008,0.003,0.008,0.017,0.0,0.001,0.029,0.0,0.0,0.0,0.0,0.0,0.024,0.0,0.0,0.0,0.0,0.0,0.0,0.003
2025.09.01,영광군,0.0,0.0,0.0,0.001,0.0,0.0,0.0,0.0,0.0,0.0,0.0,0.0,0.0,0.0,0.0,0.0,0.0,0.0,0.0,0.0,0.0,0.0,0.0
2025.09.01,영암군,0.0,0.003,0.001,0.01,0.0,0.005,0.003,0.004,0.0,0.029,0.0,0.0,0.0,0.0,0.0,0.0,0.0,0.0,0.0,0.0,0.0,0.0,0.0
2025.09.01,완도군,0.0,0.0,0.0,0.002,0.0,0.02,0.005,0.0,0.0,0.0,0.0,0.0,0.0,0.0,0.0,0.0,0.0,0.0,0.0,0.0,0.0,0.0,0.0
2025.09.01,장성군,0.0,0.0,0.0,0.0,0.0,0.0,0.0,0.0,0.0,0.0,0.0,0.0,0.0,0.0,0.0,0.0,0.0,0.0,0.0,0.0,0.0,0.0,0.0
2025.09.01,장흥군,0.0,0.024,0.0,0.029,0.0,0.0,0.0,0.0,0.0,0.08,0.0,0.0,0.0,0.0,0.0,0.0,0.0,0.0,0.0,0.0,0.0,0.0,0.0
2025.09.01,진도군,0.0,0.0,0.0,0.024,0.001,0.016,0.003,0.0,0.0,0.232,0.0,0.0,0.0,0.0,0.0,0.0,0.0,0.0,0.0,0.0,0.0,0.0,0.001
2025.09.01,함평군,0.0,0.0,0.005,0.01,0.0,0.0,0.0,0.0,0.0,0.016,0.0,0.0,0.0,0.0,0.0,0.0,0.0,0.0,0.0,0.0,0.0,0.0,0.0
2025.09.01,해남군,0.019,0.0,0.0,0.016,0.154,0.0,0.085,0.0,0.0,0.63,0.0,0.0,0.0,0.0,0.0,0.0,0.0,0.0,0.0,0.0,0.0,0.0,0.0
2025.09.01,화순군,0.003,0.0,0.022,0.179,0.017,0.057,0.015,0.0,0.001,0.051,0.0,0.0,0.0,0.0,0.003,0.0,0.001,0.0,0.0,0.0,0.0,0.0,0.0
2025.09.16,강진군,0.0,0.001,0.0,0.031,0.0,0.0,0.0,0.0,0.0,0.051,0.0,0.0,0.0,0.0,0.0,0.0,0.0,0.0,0.0,0.0,0.0,0.0,0.0
2025.09.16,고흥군,0.0,0.0,0.0,0.342,0.0,0.0,0.0,0.0,0.0,0.075,0.0,0.0,0.0,0.0,0.0,0.0,0.0,0.0,0.0,0.0,0.0,0.0,0.0
2025.09.16,곡성군,0.0,0.002,0.0,0.007,0.0,0.0,0.0,0.0,0.0,0.003,0.0,0.0,0.0,0.0,0.0,0.001,0.0,0.0,0.0,0.0,0.0,0.0,0.0
2025.09.16,광양시,0.0,0.0,0.0,0.01,0.0,0.0,0.0,0.0,0.0,0.0,0.0,0.0,0.0,0.0,0.0,0.0,0.0,0.0,0.0,0.0,0.0,0.0,0.0
2025.09.16,구례군,0.001,0.002,0.002,0.012,0.0,0.004,0.0,0.0,0.0,0.009,0.0,0.0,0.0,0.0,0.0,0.0,0.0,0.0,0.0,0.0,0.0,0.0,0.0
2025.09.16,나주시,0.0,0.0,0.0,0.006,0.0,0.001,0.0,0.0,0.0,0.007,0.0,0.0,0.0,0.0,0.0,0.0,0.0,0.0,0.0,0.0,0.0,0.0,0.0
2025.09.16,담양군,0.006,0.012,0.002,0.034,0.0,0.0,0.0,0.0,0.0,0.028,0.0,0.0,0.0,0.0,0.0,0.0,0.0,0.0,0.0,0.0,0.0,0.0,0.0
2025.09.16,무안군,0.0,0.0,0.0,0.002,0.0,0.0,0.0,0.0,0.0,0.011,0.0,0.0,0.0,0.0,0.0,0.0,0.0,0.0,0.0,0.0,0.0,0.0,0.0
2025.09.16,보성군,0.0,0.093,0.0,0.612,0.0,0.0,0.0,0.0,0.0,0.161,0.0,0.0,0.0,0.0,0.0,0.0,0.0,0.0,0.0,0.0,0.0,0.0,0.0
2025.09.16,순천시,0.0,0.059,0.017,0.047,,,0.053,0.018,0.0,0.089,0.0,0.0,0.0,0.0,0.0,0.0,0.0,0.0,0.0,0.0,0.0,0.0,0.003
2025.09.16,신안군,0.0,0.0,0.0,0.013,0.0,0.0,0.0,0.0,0.0,0.05,0.0,0.0,0.0,0.0,0.0,0.0,0.0,0.0,0.0,0.0,0.0,0.0,0.0
2025.09.16,여수시,0.0,0.015,0.01,1.111,0.001,0.004,0.03,0.0,0.0,0.081,0.0,0.0,0.0,0.0,0.0,0.068,0.0,0.0,0.0,0.0,0.0,0.0,0.0
2025.09.16,영광군,0.0,0.0,0.0,0.0,0.0,0.0,0.0,0.0,0.0,0.0,0.0,0.0,0.0,0.0,0.0,0.0,0.0,0.0,0.0,0.0,0.0,0.0,0.0
2025.09.16,영암군,0.0,0.005,0.001,0.009,0.001,0.02,0.002,0.002,0.0,0.025,0.0,0.0,0.0,0.0,0.0,0.002,0.0,0.0,0.0,0.0,0.0,0.0,0.0
2025.09.16,완도군,0.0,0.0,0.0,4.25,0.003,0.017,0.005,0.0,0.0,0.055,0.0,0.0,0.0,0.0,0.0,0.0,0.0,0.0,0.0,0.0,0.0,0.0,0.0
2025.09.16,장성군,0.0,0.0,0.0,0.0,0.0,0.0,0.0,0.0,0.0,0.0,0.0,0.0,0.0,0.0,0.0,0.0,0.0,0.0,0.0,0.0,0.0,0.0,0.0
2025.09.16,장흥군,0.0,0.017,0.0,0.053,0.0,0.0,0.0,0.0,0.0,0.083,0.0,0.0,0.0,0.0,0.0,0.0,0.0,0.0,0.0,0.0,0.0,0.0,0.0
2025.09.16,진도군,0.0,0.0,0.0,0.202,0.0,0.006,0.001,0.0,0.0,0.172,0.0,0.0,0.0,0.0,0.0,0.003,0.0,0.0,0.0,0.0,0.0,0.0,0.0
2025.09.16,함평군,0.0,0.0,0.006,0.01,0.0,0.0,0.0,0.0,0.0,0.016,0.0,0.0,0.0,0.0,0.0,0.0,0.0,0.0,0.0,0.0,0.0,0.0,0.0
2025.09.16,해남군,0.0,0.0,0.0,1.537,0.957,0.0,0.226,0.0,0.0,1.869,0.0,0.0,0.0,0.0,0.0,0.0,0.0,0.0,0.0,0.0,0.0,0.0,0.0
2025.09.16,화순군,0.0,0.0,0.0,0.256,0.0,0.01,0.0,0.0,0.0,0.053,0.0,0.0,0.0,0.0,0.0,0.0,0.0,0.0,0.0,0.0,0.0,0.0,0.0
